100 12 7

0 4 6 479
1 5 0 327
2 6 3 516
3 4 2 270
4 6 4 350
5 4 0 550
6 1 3 290
7 2 0 318
8 1 5 31
9 3 1 186
10 4 2 409
11 3 1 234
12 1 3 541
13 4 0 414
14 6 3 193
15 4 3 468
16 3 5 307
17 4 2 50
18 1 3 87
19 5 1 21
20 4 1 58
21 1 0 404
22 6 4 202
23 3 2 574
24 3 0 214
25 1 3 115
26 2 3 553
27 1 4 581
28 3 2 541
29 3 6 158
30 6 4 385
31 5 3 599
32 4 0 81
33 0 2 292
34 4 2 201
35 0 5 384
36 6 3 137
37 6 0 257
38 6 1 404
39 0 4 247
40 1 0 141
41 4 6 112
42 6 2 477
43 6 3 309
44 6 4 335
45 0 2 469
46 2 5 548
47 4 1 513
48 4 3 27
49 3 2 571
50 3 4 136
51 0 4 138
52 3 6 317
53 0 5 166
54 4 3 465
55 2 0 297
56 0 2 494
57 3 5 371
58 2 4 21
59 0 3 190
60 4 1 344
61 3 2 218
62 0 2 276
63 4 5 389
64 1 0 177
65 4 3 151
66 2 1 402
67 0 3 331
68 5 1 37
69 4 1 311
70 4 0 537
71 6 1 89
72 4 3 520
73 1 4 441
74 1 2 191
75 0 6 180
76 0 1 578
77 6 0 473
78 4 2 482
79 4 0 116
80 4 3 317
81 1 4 206
82 4 1 551
83 2 4 161
84 4 6 148
85 1 2 118
86 2 0 350
87 2 0 563
88 3 4 255
89 1 0 195
90 3 4 40
91 0 1 46
92 0 3 152
93 4 2 369
94 0 1 507
95 3 0 272
96 0 6 224
97 4 0 324
98 0 2 190
99 4 6 253

0.00 9.74 10.07 10.02 7.66 7.73 57.58
10.53 0.00 9.25 10.93 7.77 13.47 51.62
8.89 32.06 0.00 12.17 9.05 13.26 57.83
7.20 12.66 10.86 0.00 8.60 11.02 26.76
7.39 7.06 8.98 8.76 0.00 10.59 45.85
10.56 10.89 10.53 15.36 6.81 0.00 55.50
64.12 57.76 62.49 60.24 74.08 71.28 0.00

0.00 11.05 8.29 7.31 8.03 8.06 31.29
8.58 0.00 9.25 10.97 6.66 13.42 31.17
8.05 39.68 0.00 9.37 6.61 13.26 33.51
7.82 12.94 11.47 0.00 9.43 16.16 26.83
7.64 7.43 8.98 8.16 0.00 10.87 35.04
10.68 13.18 10.53 15.36 9.72 0.00 53.85
45.00 48.31 44.52 45.11 48.40 31.84 0.00

0.00 9.71 7.83 6.32 7.01 11.02 26.39
9.39 0.00 8.71 11.26 7.32 12.88 34.88
7.63 47.29 0.00 12.28 7.13 13.26 28.32
7.83 13.64 11.48 0.00 8.76 14.12 27.75
7.40 8.89 8.63 8.92 0.00 9.83 28.10
11.35 16.70 10.59 15.36 11.94 0.00 36.87
31.12 37.11 31.20 30.09 34.95 37.38 0.00

0.00 9.23 7.84 5.97 7.05 10.18 25.78
10.35 0.00 5.96 11.02 8.22 12.45 27.16
8.79 46.59 0.00 9.43 6.92 13.26 27.04
8.74 12.96 11.03 0.00 8.90 14.77 28.67
8.00 8.54 7.46 11.56 0.00 9.27 29.19
8.96 13.75 10.94 15.36 10.73 0.00 34.68
26.10 23.24 26.73 22.16 30.30 29.92 0.00

0.00 10.00 7.64 6.31 9.91 11.20 28.79
9.66 0.00 5.83 11.24 8.23 11.71 29.02
9.51 20.93 0.00 9.61 8.06 13.26 30.65
7.25 12.33 10.44 0.00 9.64 14.56 30.97
8.01 7.71 8.48 8.00 0.00 9.87 31.33
9.49 14.77 11.29 14.34 9.52 0.00 33.78
28.92 27.63 30.30 24.20 33.22 35.01 0.00

0.00 9.62 8.48 7.48 10.74 11.34 33.76
9.51 0.00 6.77 11.28 7.91 13.01 37.62
8.24 5.61 0.00 8.85 9.26 13.26 34.65
8.84 13.07 11.95 0.00 9.62 14.35 36.03
7.52 7.23 7.74 8.55 0.00 10.05 36.93
11.80 12.51 11.64 12.82 8.23 0.00 31.93
32.91 32.38 34.86 27.95 35.29 39.46 0.00

0.00 9.25 8.11 7.93 8.29 10.38 43.74
10.96 0.00 6.27 12.64 8.35 13.90 42.54
8.43 5.53 0.00 9.53 7.75 12.33 42.79
8.17 12.68 12.19 0.00 9.03 11.48 40.21
6.85 7.20 7.67 8.58 0.00 10.65 44.84
10.17 10.02 11.99 13.47 7.43 0.00 48.21
38.50 35.76 37.82 28.90 40.09 42.96 0.00

0.00 9.25 7.88 7.14 7.88 10.13 54.94
11.89 0.00 5.83 13.98 8.07 13.50 55.19
9.03 7.20 0.00 10.97 6.27 12.38 58.10
7.52 12.13 11.64 0.00 9.36 10.66 52.77
7.71 7.26 7.48 8.86 0.00 11.61 53.13
11.97 8.88 12.34 13.14 7.72 0.00 65.75
42.09 45.65 46.69 33.38 48.04 51.74 0.00

0.00 10.25 8.59 7.03 8.05 12.46 56.26
12.12 0.00 5.90 14.29 9.08 16.51 57.41
9.76 9.58 0.00 11.84 7.40 13.78 56.39
9.45 12.83 13.53 0.00 9.66 11.71 65.63
8.49 7.85 6.63 9.02 0.00 12.60 54.85
12.41 8.88 13.63 12.39 9.20 0.00 67.59
48.96 53.88 49.86 41.33 53.18 56.73 0.00

0.00 9.88 8.48 7.18 8.35 11.60 40.56
10.46 0.00 6.40 13.30 10.06 13.79 55.98
9.92 11.95 0.00 9.67 6.33 15.18 43.73
8.04 12.21 13.14 0.00 9.95 12.74 48.95
8.17 7.73 6.43 7.52 0.00 10.93 52.54
10.81 8.88 15.38 15.87 11.12 0.00 67.59
48.37 52.10 48.83 40.11 51.14 54.03 0.00

0.00 9.00 7.93 7.21 7.33 11.84 28.60
9.98 0.00 10.51 11.00 7.43 10.02 55.98
7.67 12.35 0.00 9.83 8.24 10.83 41.46
9.44 21.53 12.07 0.00 9.06 10.57 23.47
7.84 7.65 7.37 7.67 0.00 10.11 52.12
10.54 8.88 15.68 11.36 9.84 0.00 67.59
36.21 41.96 34.80 35.84 39.47 38.89 0.00

0.00 8.81 6.41 5.42 9.12 9.52 27.73
9.97 0.00 15.33 9.50 9.66 9.73 55.98
5.93 12.35 0.00 8.94 10.45 10.38 41.46
9.62 22.48 11.99 0.00 8.63 8.80 21.35
6.98 7.65 6.93 8.15 0.00 10.07 52.12
10.54 8.88 15.68 10.83 9.68 0.00 67.59
29.05 30.58 30.98 26.67 34.50 33.55 0.00

