100 12 7

0 2 0 175
1 3 0 458
2 4 1 552
3 4 1 451
4 4 6 345
5 4 0 501
6 6 2 529
7 1 6 233
8 6 5 427
9 6 3 312
10 2 6 364
11 0 4 539
12 3 6 431
13 2 6 419
14 4 3 525
15 0 4 430
16 2 0 469
17 0 6 517
18 4 1 567
19 1 3 554
20 0 4 134
21 1 4 386
22 0 1 349
23 0 2 358
24 2 5 434
25 6 1 339
26 1 3 136
27 3 4 200
28 4 1 413
29 2 6 309
30 1 3 511
31 6 1 495
32 6 2 66
33 6 3 393
34 6 4 536
35 3 2 176
36 0 2 510
37 0 1 366
38 1 5 80
39 2 4 230
40 3 6 86
41 3 1 438
42 2 0 383
43 2 4 352
44 1 6 164
45 6 5 501
46 2 3 233
47 4 0 485
48 4 1 579
49 2 0 209
50 6 3 456
51 4 2 292
52 6 1 523
53 2 0 382
54 2 3 106
55 4 1 174
56 0 3 138
57 3 1 386
58 3 1 219
59 3 5 582
60 2 6 125
61 0 6 420
62 4 3 565
63 2 6 528
64 2 4 431
65 6 1 440
66 6 0 582
67 5 0 505
68 4 0 333
69 3 2 375
70 1 5 559
71 6 5 153
72 6 4 394
73 6 2 66
74 6 5 544
75 4 5 146
76 4 0 582
77 3 4 184
78 6 1 281
79 5 0 221
80 4 6 114
81 4 2 461
82 0 5 380
83 5 6 502
84 4 3 350
85 6 4 464
86 5 6 228
87 1 3 595
88 4 0 151
89 0 2 219
90 0 6 369
91 0 2 240
92 1 4 358
93 5 6 462
94 2 4 522
95 0 6 63
96 3 5 187
97 4 0 159
98 4 5 69
99 6 2 568

0.00 71.62 66.22 64.91 64.94 61.88 62.24
52.14 0.00 6.00 10.96 6.80 14.44 10.83
44.13 8.16 0.00 14.82 7.45 17.52 8.25
35.22 12.10 11.28 0.00 8.77 11.41 7.46
44.60 6.83 6.97 8.29 0.00 11.86 7.35
58.31 17.16 13.14 11.66 8.41 0.00 11.38
45.63 10.42 11.55 9.97 7.67 12.76 0.00

0.00 58.85 50.96 46.04 53.02 55.59 50.84
38.54 0.00 6.00 11.09 7.31 14.40 10.59
41.34 11.71 0.00 10.05 6.70 16.24 9.12
34.54 12.73 11.62 0.00 8.87 12.63 7.66
32.63 8.24 8.48 9.86 0.00 10.23 7.36
54.51 14.92 11.76 11.65 7.58 0.00 9.11
53.84 10.08 8.90 9.43 7.65 12.66 0.00

0.00 47.59 45.31 43.63 47.15 36.40 44.33
27.90 0.00 6.00 12.41 7.59 13.45 9.72
28.33 8.21 0.00 8.16 8.90 14.93 8.60
28.42 12.44 11.46 0.00 8.61 13.72 7.92
30.75 7.94 9.14 9.37 0.00 12.77 7.99
45.06 10.43 14.30 11.55 8.03 0.00 9.43
26.80 9.06 15.31 12.85 7.01 11.75 0.00

0.00 41.15 39.22 37.11 41.40 43.85 39.67
32.11 0.00 6.78 12.64 7.77 11.34 11.74
33.57 6.75 0.00 11.03 6.58 14.40 8.51
32.33 11.79 11.51 0.00 8.47 17.21 7.98
35.71 7.92 6.43 7.96 0.00 10.24 7.26
42.94 11.08 13.67 11.46 8.49 0.00 9.14
32.79 10.18 15.66 7.06 7.38 11.94 0.00

0.00 34.81 37.24 34.37 39.05 42.07 36.79
36.31 0.00 8.66 12.90 8.31 11.71 10.60
38.86 5.68 0.00 11.24 6.70 16.37 8.31
36.25 12.33 10.65 0.00 9.82 12.43 8.72
38.73 7.50 6.59 7.74 0.00 9.46 8.07
45.96 10.66 13.04 11.36 9.41 0.00 10.58
36.65 10.42 7.63 6.76 7.36 11.84 0.00

0.00 41.48 38.76 33.16 42.02 49.10 39.59
40.52 0.00 8.12 12.10 8.34 11.80 10.35
43.49 6.20 0.00 11.59 7.00 15.09 7.91
40.13 11.55 9.92 0.00 9.78 11.13 8.80
44.37 7.49 6.69 8.23 0.00 9.78 8.17
51.14 10.25 12.76 14.95 10.12 0.00 12.29
39.74 9.50 8.44 7.29 7.54 13.01 0.00

0.00 44.90 43.10 40.72 47.64 43.69 44.19
44.73 0.00 7.57 11.72 7.90 15.08 10.87
48.46 7.32 0.00 10.23 6.95 12.04 8.97
46.12 12.39 11.32 0.00 9.46 12.02 9.47
52.02 6.94 7.51 8.01 0.00 10.93 7.89
59.37 12.06 14.62 16.27 10.54 0.00 10.95
48.83 10.47 8.64 7.10 7.58 12.80 0.00

0.00 51.15 47.41 46.60 52.03 54.42 48.72
53.67 0.00 6.75 13.94 9.19 15.81 13.30
55.14 7.95 0.00 11.85 6.86 10.75 10.42
47.85 11.09 12.50 0.00 10.42 13.21 8.24
58.46 9.76 7.57 9.02 0.00 11.38 8.16
62.79 13.41 20.02 13.35 11.30 0.00 11.83
53.92 11.57 8.98 7.44 7.77 12.29 0.00

0.00 57.87 52.16 53.74 56.99 59.52 53.28
57.78 0.00 5.48 15.32 9.20 15.35 13.12
55.76 7.31 0.00 13.33 8.90 12.19 11.63
52.82 12.29 12.99 0.00 11.53 11.58 8.39
57.84 11.47 8.19 9.62 0.00 11.14 8.54
62.79 12.83 22.82 19.78 10.51 0.00 11.76
54.91 12.31 9.43 7.93 8.51 12.49 0.00

0.00 52.42 50.38 49.72 52.12 58.03 51.27
57.78 0.00 8.59 15.13 7.40 15.18 14.60
48.35 7.41 0.00 11.67 6.76 13.21 10.26
55.04 13.65 12.04 0.00 11.75 12.45 7.26
52.25 8.76 6.54 8.26 0.00 10.22 7.96
62.79 12.26 23.63 22.28 9.32 0.00 12.25
51.57 11.35 10.30 8.61 9.15 10.72 0.00

0.00 42.99 37.95 37.80 42.97 40.90 40.82
57.78 0.00 9.36 11.49 8.65 15.01 11.20
46.86 6.15 0.00 9.73 6.86 14.08 8.24
55.04 13.75 10.61 0.00 8.18 12.19 6.29
40.03 6.75 7.25 7.40 0.00 9.47 8.57
62.79 12.17 23.77 22.28 8.66 0.00 8.91
33.56 11.12 8.79 6.25 7.87 10.09 0.00

0.00 29.25 33.45 33.99 34.26 36.01 32.40
57.78 0.00 9.36 11.14 8.00 15.00 10.81
46.86 6.02 0.00 7.16 6.44 12.21 7.04
55.04 13.75 9.24 0.00 9.42 11.45 6.22
38.91 6.61 7.37 7.09 0.00 9.42 8.64
62.79 12.17 23.77 22.28 8.62 0.00 8.56
31.83 11.12 7.44 8.00 9.45 10.96 0.00

