50 12 7

0 0 2 356
1 0 6 479
2 6 1 256
3 5 6 429
4 1 6 470
5 1 6 110
6 0 3 170
7 6 3 236
8 2 5 592
9 2 6 335
10 4 1 118
11 0 6 320
12 6 4 422
13 1 5 371
14 3 1 589
15 1 4 143
16 4 3 100
17 6 3 367
18 5 2 62
19 1 4 426
20 3 1 368
21 6 4 382
22 4 6 174
23 1 4 263
24 2 0 338
25 2 4 477
26 2 5 470
27 5 6 158
28 2 6 447
29 0 2 134
30 5 6 261
31 1 6 307
32 3 1 391
33 6 3 562
34 0 3 76
35 0 2 250
36 1 6 217
37 0 3 531
38 2 1 188
39 3 6 480
40 3 5 124
41 4 2 266
42 2 3 439
43 6 1 440
44 4 1 204
45 4 1 78
46 3 4 328
47 2 6 555
48 4 3 445
49 4 0 426

0.00 71.62 66.22 64.91 64.94 61.88 62.24
52.14 0.00 6.00 10.96 6.80 14.44 10.83
44.13 8.16 0.00 14.82 7.45 17.52 8.25
35.22 12.10 11.28 0.00 8.77 11.41 7.46
44.60 6.83 6.97 8.29 0.00 11.86 7.35
58.31 17.16 13.14 11.66 8.41 0.00 11.38
45.63 10.42 11.55 9.97 7.67 12.76 0.00

0.00 58.85 50.96 46.04 53.02 55.59 50.84
38.54 0.00 6.00 11.09 7.31 14.40 10.59
41.34 11.71 0.00 10.05 6.70 16.24 9.12
34.54 12.73 11.62 0.00 8.87 12.63 7.66
32.63 8.24 8.48 9.86 0.00 10.23 7.36
54.51 14.92 11.76 11.65 7.58 0.00 9.11
53.84 10.08 8.90 9.43 7.65 12.66 0.00

0.00 47.59 45.31 43.63 47.15 36.40 44.33
27.90 0.00 6.00 12.41 7.59 13.45 9.72
28.33 8.21 0.00 8.16 8.90 14.93 8.60
28.42 12.44 11.46 0.00 8.61 13.72 7.92
30.75 7.94 9.14 9.37 0.00 12.77 7.99
45.06 10.43 14.30 11.55 8.03 0.00 9.43
26.80 9.06 15.31 12.85 7.01 11.75 0.00

0.00 41.15 39.22 37.11 41.40 43.85 39.67
32.11 0.00 6.78 12.64 7.77 11.34 11.74
33.57 6.75 0.00 11.03 6.58 14.40 8.51
32.33 11.79 11.51 0.00 8.47 17.21 7.98
35.71 7.92 6.43 7.96 0.00 10.24 7.26
42.94 11.08 13.67 11.46 8.49 0.00 9.14
32.79 10.18 15.66 7.06 7.38 11.94 0.00

0.00 34.81 37.24 34.37 39.05 42.07 36.79
36.31 0.00 8.66 12.90 8.31 11.71 10.60
38.86 5.68 0.00 11.24 6.70 16.37 8.31
36.25 12.33 10.65 0.00 9.82 12.43 8.72
38.73 7.50 6.59 7.74 0.00 9.46 8.07
45.96 10.66 13.04 11.36 9.41 0.00 10.58
36.65 10.42 7.63 6.76 7.36 11.84 0.00

0.00 41.48 38.76 33.16 42.02 49.10 39.59
40.52 0.00 8.12 12.10 8.34 11.80 10.35
43.49 6.20 0.00 11.59 7.00 15.09 7.91
40.13 11.55 9.92 0.00 9.78 11.13 8.80
44.37 7.49 6.69 8.23 0.00 9.78 8.17
51.14 10.25 12.76 14.95 10.12 0.00 12.29
39.74 9.50 8.44 7.29 7.54 13.01 0.00

0.00 44.90 43.10 40.72 47.64 43.69 44.19
44.73 0.00 7.57 11.72 7.90 15.08 10.87
48.46 7.32 0.00 10.23 6.95 12.04 8.97
46.12 12.39 11.32 0.00 9.46 12.02 9.47
52.02 6.94 7.51 8.01 0.00 10.93 7.89
59.37 12.06 14.62 16.27 10.54 0.00 10.95
48.83 10.47 8.64 7.10 7.58 12.80 0.00

0.00 51.15 47.41 46.60 52.03 54.42 48.72
53.67 0.00 6.75 13.94 9.19 15.81 13.30
55.14 7.95 0.00 11.85 6.86 10.75 10.42
47.85 11.09 12.50 0.00 10.42 13.21 8.24
58.46 9.76 7.57 9.02 0.00 11.38 8.16
62.79 13.41 20.02 13.35 11.30 0.00 11.83
53.92 11.57 8.98 7.44 7.77 12.29 0.00

0.00 57.87 52.16 53.74 56.99 59.52 53.28
57.78 0.00 5.48 15.32 9.20 15.35 13.12
55.76 7.31 0.00 13.33 8.90 12.19 11.63
52.82 12.29 12.99 0.00 11.53 11.58 8.39
57.84 11.47 8.19 9.62 0.00 11.14 8.54
62.79 12.83 22.82 19.78 10.51 0.00 11.76
54.91 12.31 9.43 7.93 8.51 12.49 0.00

0.00 52.42 50.38 49.72 52.12 58.03 51.27
57.78 0.00 8.59 15.13 7.40 15.18 14.60
48.35 7.41 0.00 11.67 6.76 13.21 10.26
55.04 13.65 12.04 0.00 11.75 12.45 7.26
52.25 8.76 6.54 8.26 0.00 10.22 7.96
62.79 12.26 23.63 22.28 9.32 0.00 12.25
51.57 11.35 10.30 8.61 9.15 10.72 0.00

0.00 42.99 37.95 37.80 42.97 40.90 40.82
57.78 0.00 9.36 11.49 8.65 15.01 11.20
46.86 6.15 0.00 9.73 6.86 14.08 8.24
55.04 13.75 10.61 0.00 8.18 12.19 6.29
40.03 6.75 7.25 7.40 0.00 9.47 8.57
62.79 12.17 23.77 22.28 8.66 0.00 8.91
33.56 11.12 8.79 6.25 7.87 10.09 0.00

0.00 29.25 33.45 33.99 34.26 36.01 32.40
57.78 0.00 9.36 11.14 8.00 15.00 10.81
46.86 6.02 0.00 7.16 6.44 12.21 7.04
55.04 13.75 9.24 0.00 9.42 11.45 6.22
38.91 6.61 7.37 7.09 0.00 9.42 8.64
62.79 12.17 23.77 22.28 8.62 0.00 8.56
31.83 11.12 7.44 8.00 9.45 10.96 0.00

