200 12 7

0 0 5 529
1 4 2 263
2 6 2 228
3 2 6 55
4 3 1 93
5 2 4 515
6 4 3 579
7 6 5 300
8 0 4 493
9 2 4 151
10 0 3 457
11 3 2 70
12 2 6 581
13 2 0 407
14 6 0 296
15 3 2 334
16 2 4 202
17 0 6 25
18 0 4 370
19 2 1 328
20 6 1 572
21 1 6 312
22 3 5 294
23 2 5 90
24 0 3 50
25 2 6 352
26 3 6 531
27 0 2 270
28 4 2 376
29 3 6 333
30 6 4 167
31 4 3 161
32 0 4 340
33 0 1 62
34 4 1 160
35 5 2 440
36 2 3 266
37 0 6 447
38 6 5 492
39 4 0 548
40 1 3 268
41 0 6 345
42 4 2 499
43 4 3 291
44 6 5 348
45 6 1 464
46 4 3 330
47 4 6 592
48 4 6 94
49 4 0 272
50 6 1 571
51 6 2 339
52 4 1 254
53 0 4 454
54 3 4 505
55 1 4 228
56 6 1 377
57 2 3 181
58 0 5 559
59 5 1 142
60 1 4 164
61 1 6 314
62 4 2 460
63 4 6 195
64 6 5 379
65 0 6 599
66 1 0 139
67 1 5 137
68 5 3 283
69 3 1 566
70 3 4 424
71 0 3 270
72 2 4 111
73 1 4 251
74 1 5 477
75 3 6 464
76 0 3 574
77 6 2 59
78 4 2 381
79 5 1 244
80 5 6 127
81 2 4 317
82 4 1 164
83 4 3 504
84 1 4 116
85 5 2 454
86 5 4 138
87 4 2 366
88 1 3 234
89 2 6 496
90 0 6 596
91 4 5 157
92 3 4 77
93 5 3 369
94 2 0 344
95 6 3 346
96 0 4 403
97 0 6 207
98 3 1 341
99 6 4 320
100 4 6 523
101 1 6 552
102 3 1 229
103 3 1 506
104 4 3 487
105 5 2 542
106 4 3 520
107 0 3 113
108 4 2 103
109 3 0 434
110 0 6 26
111 6 2 228
112 3 1 519
113 2 4 158
114 2 4 348
115 0 4 177
116 4 3 59
117 4 6 426
118 0 4 472
119 0 5 45
120 1 6 387
121 3 2 417
122 0 4 406
123 2 3 309
124 5 0 504
125 5 6 239
126 1 2 219
127 1 2 217
128 0 3 22
129 4 6 506
130 6 1 501
131 5 4 329
132 6 5 73
133 4 6 255
134 4 1 152
135 1 3 589
136 3 4 422
137 6 4 387
138 0 2 540
139 6 2 273
140 3 0 186
141 0 2 328
142 1 3 363
143 2 0 234
144 5 3 292
145 1 6 540
146 0 4 546
147 4 0 600
148 2 0 97
149 4 5 168
150 4 1 579
151 3 6 123
152 1 5 333
153 3 1 88
154 1 6 456
155 2 6 124
156 2 1 471
157 4 1 295
158 6 0 383
159 6 1 530
160 4 0 361
161 3 1 345
162 6 3 250
163 3 5 470
164 6 4 588
165 0 1 82
166 1 4 511
167 4 3 391
168 0 6 252
169 0 4 319
170 1 3 186
171 1 5 318
172 6 2 51
173 6 1 271
174 1 3 463
175 4 6 81
176 6 4 225
177 5 2 84
178 6 3 362
179 6 1 136
180 0 2 372
181 4 6 91
182 5 2 203
183 4 3 552
184 1 4 39
185 0 6 598
186 4 6 175
187 4 5 504
188 6 1 332
189 5 3 229
190 4 6 203
191 2 3 330
192 1 3 325
193 5 6 325
194 6 2 372
195 3 4 411
196 2 6 478
197 1 3 539
198 1 3 546
199 6 2 395

0.00 29.20 50.85 59.89 54.28 76.97 48.51
48.81 0.00 5.78 13.03 9.32 14.04 10.80
40.09 5.83 0.00 11.69 6.72 16.81 8.07
28.55 11.95 12.58 0.00 8.74 13.27 6.65
38.07 7.53 6.22 9.38 0.00 16.64 7.44
57.77 14.43 11.62 13.00 17.37 0.00 11.50
57.14 11.68 9.46 7.23 8.07 13.93 0.00

0.00 29.20 37.50 37.02 41.79 52.97 36.54
37.05 0.00 5.78 13.45 8.71 29.53 9.73
36.93 8.87 0.00 9.83 6.44 25.87 7.89
28.55 13.06 11.97 0.00 8.93 14.37 8.14
37.55 7.18 8.70 8.05 0.00 15.94 7.84
45.93 12.18 13.08 17.04 13.04 0.00 10.72
40.18 11.12 9.94 7.94 7.25 21.19 0.00

0.00 30.12 26.86 24.92 34.74 49.99 27.36
28.20 0.00 5.81 9.88 8.43 19.75 10.37
24.78 33.11 0.00 8.36 5.92 24.50 7.46
28.57 12.27 11.56 0.00 8.50 14.37 9.72
27.66 7.77 7.85 8.30 0.00 19.34 6.66
36.28 11.60 14.54 21.08 14.10 0.00 15.62
24.62 11.20 9.93 8.37 6.81 18.45 0.00

0.00 34.07 25.46 28.72 27.19 32.22 25.30
33.83 0.00 5.94 10.78 7.47 11.79 9.79
25.33 5.51 0.00 8.24 8.36 19.29 6.85
28.60 12.47 10.09 0.00 8.50 13.13 9.36
29.81 7.45 8.86 10.60 0.00 11.24 6.52
37.38 16.70 16.27 22.55 15.87 0.00 12.05
24.60 9.88 9.46 9.32 7.47 16.22 0.00

0.00 33.31 27.39 26.10 29.45 33.19 26.80
39.46 0.00 6.01 10.53 7.95 11.14 10.37
26.34 5.69 0.00 8.11 12.53 16.01 7.05
28.63 12.30 10.00 0.00 8.54 15.32 6.78
29.95 7.25 10.55 7.62 0.00 10.64 7.12
37.95 15.23 17.76 16.29 15.22 0.00 13.32
24.11 10.44 8.32 6.77 8.51 11.66 0.00

0.00 32.86 30.55 29.95 33.42 36.34 30.62
45.09 0.00 6.68 10.40 8.13 11.99 9.63
31.54 5.70 0.00 8.44 6.67 14.58 7.35
28.65 11.80 9.84 0.00 8.37 14.95 6.54
32.35 7.18 5.85 9.63 0.00 10.90 7.48
41.54 15.63 16.92 14.23 14.89 0.00 14.42
27.41 9.29 9.27 6.41 8.71 12.26 0.00

0.00 34.91 32.99 29.67 36.13 40.82 34.61
45.75 0.00 12.37 11.00 7.90 13.08 9.54
36.97 5.46 0.00 8.99 7.05 14.65 8.54
31.39 12.04 10.33 0.00 8.32 14.35 7.11
36.98 7.65 6.08 9.07 0.00 11.46 7.56
50.55 14.10 17.92 14.76 15.93 0.00 14.87
31.93 9.12 7.72 6.19 7.17 10.63 0.00

0.00 41.80 39.28 36.40 42.45 43.28 40.97
41.44 0.00 9.79 12.50 7.78 13.63 10.00
42.73 5.36 0.00 9.18 7.65 14.51 9.05
33.00 12.63 11.49 0.00 8.52 14.39 7.15
40.90 8.02 10.25 7.98 0.00 10.98 7.28
57.80 14.49 18.52 13.31 13.88 0.00 13.46
37.69 9.36 8.43 6.46 7.64 12.52 0.00

0.00 46.49 44.36 37.66 45.53 50.59 44.91
40.00 0.00 9.34 13.60 7.71 14.49 12.44
45.42 5.36 0.00 10.15 7.43 13.16 9.48
31.87 12.69 11.99 0.00 10.34 10.99 7.83
49.14 8.84 10.18 8.43 0.00 11.47 7.38
60.78 15.06 17.16 14.55 11.98 0.00 15.38
37.45 8.67 8.91 6.41 7.82 12.83 0.00

0.00 45.24 40.15 40.86 40.37 44.58 38.32
40.00 0.00 6.93 13.34 8.93 15.35 12.27
45.42 5.36 0.00 8.29 8.04 11.48 9.38
30.74 12.88 11.77 0.00 10.11 11.09 7.19
44.44 7.87 7.50 7.99 0.00 10.72 7.11
45.83 15.06 17.48 18.68 15.24 0.00 15.05
33.15 9.51 7.82 7.14 8.00 11.63 0.00

0.00 37.76 28.48 28.78 31.79 35.41 28.15
40.00 0.00 5.83 11.10 7.12 15.50 10.40
45.42 5.36 0.00 8.95 8.18 14.12 6.95
30.55 12.02 9.65 0.00 10.29 11.36 8.39
34.80 6.31 6.82 7.24 0.00 11.33 7.55
42.41 15.06 17.51 17.23 17.09 0.00 10.55
28.86 9.65 7.96 6.68 6.76 11.28 0.00

0.00 29.30 25.42 23.83 28.11 28.11 25.01
40.00 0.00 5.80 10.14 6.10 15.50 10.24
45.42 5.36 0.00 9.10 7.12 12.81 6.71
30.55 11.93 9.44 0.00 8.56 11.36 6.74
34.00 6.18 5.73 6.79 0.00 11.42 6.51
42.41 15.06 14.82 17.00 10.97 0.00 10.12
28.50 9.64 7.27 7.02 6.15 8.18 0.00

