100 12 7

0 2 6 548
1 2 1 523
2 3 1 139
3 0 6 146
4 4 5 521
5 0 4 494
6 0 5 515
7 5 6 392
8 2 4 206
9 0 2 316
10 3 6 275
11 1 5 185
12 1 3 486
13 3 4 349
14 6 0 394
15 1 6 211
16 6 3 434
17 4 5 504
18 3 4 500
19 5 3 281
20 6 2 335
21 0 3 260
22 3 6 180
23 0 5 411
24 2 4 209
25 4 0 240
26 1 5 170
27 3 5 377
28 4 5 219
29 1 6 133
30 2 6 371
31 1 0 106
32 1 3 271
33 0 2 570
34 0 6 55
35 1 5 550
36 4 2 335
37 1 6 277
38 0 2 515
39 6 3 319
40 0 5 87
41 3 6 565
42 6 3 488
43 1 3 350
44 3 4 121
45 0 4 599
46 1 0 253
47 2 4 254
48 4 3 110
49 3 6 569
50 1 4 576
51 6 1 148
52 1 6 180
53 2 6 79
54 1 5 82
55 4 6 276
56 0 6 288
57 6 0 136
58 6 2 268
59 6 1 158
60 5 6 345
61 2 4 240
62 6 5 484
63 3 1 456
64 3 1 436
65 4 0 281
66 1 3 294
67 4 0 572
68 3 4 302
69 6 4 334
70 6 0 405
71 6 0 486
72 1 6 350
73 3 1 461
74 1 3 119
75 2 4 148
76 0 1 97
77 2 6 118
78 2 0 478
79 4 5 211
80 1 3 157
81 1 3 388
82 1 5 441
83 0 4 518
84 4 6 367
85 4 6 589
86 6 3 96
87 3 6 203
88 5 2 551
89 3 1 136
90 0 3 81
91 0 5 163
92 2 6 587
93 4 0 144
94 1 4 482
95 0 1 208
96 6 1 166
97 6 3 564
98 0 6 494
99 2 3 244

0.00 69.83 71.84 73.00 75.77 73.26 73.54
45.77 0.00 5.83 12.85 8.21 14.61 10.87
43.09 5.05 0.00 12.44 6.33 17.76 9.09
28.09 11.81 9.91 0.00 8.53 12.89 7.11
47.20 7.45 19.96 8.42 0.00 13.09 7.26
45.50 18.17 13.02 11.34 10.87 0.00 11.03
44.42 11.02 9.39 8.01 7.92 15.89 0.00

0.00 56.84 57.79 55.31 60.90 56.03 56.56
37.01 0.00 5.83 12.38 7.29 14.36 9.97
36.47 5.86 0.00 12.67 6.34 13.98 8.72
27.92 12.43 10.94 0.00 8.81 12.57 7.19
34.14 8.19 14.05 8.92 0.00 13.61 8.23
45.50 15.27 13.19 11.52 12.80 0.00 10.35
30.62 11.41 9.86 7.66 8.30 13.26 0.00

0.00 47.32 48.51 47.64 50.09 51.35 47.72
30.22 0.00 5.86 10.21 8.69 11.66 10.66
27.32 7.54 0.00 11.15 6.71 13.78 7.38
26.72 12.44 10.92 0.00 8.78 13.17 8.21
30.87 8.25 8.26 10.71 0.00 11.24 8.21
45.50 16.97 13.36 11.71 10.72 0.00 7.60
28.96 10.41 9.61 9.73 7.16 12.46 0.00

0.00 43.34 40.95 40.28 42.17 43.45 40.40
33.71 0.00 6.05 11.64 7.59 11.54 10.36
30.94 8.63 0.00 10.13 8.47 13.83 7.65
29.53 12.57 10.34 0.00 8.56 13.64 11.18
34.94 8.08 6.44 8.17 0.00 13.21 7.12
45.50 12.54 14.14 11.89 11.59 0.00 13.63
31.22 9.67 7.61 8.22 7.75 11.61 0.00

0.00 42.97 39.54 36.72 41.81 41.66 38.95
37.38 0.00 6.25 12.54 7.65 14.13 9.89
37.76 7.98 0.00 10.24 8.42 13.42 8.05
33.40 13.16 10.92 0.00 10.05 13.57 8.42
40.00 7.52 5.88 8.13 0.00 18.06 7.38
45.50 13.93 15.33 12.07 9.43 0.00 18.48
36.14 9.38 8.68 8.75 7.63 11.47 0.00

0.00 41.33 40.85 36.83 41.71 44.08 40.03
43.71 0.00 5.79 11.20 8.38 15.11 9.99
43.69 7.14 0.00 10.08 6.62 13.68 8.79
42.44 13.20 11.78 0.00 10.12 13.10 7.64
46.92 7.49 8.17 8.15 0.00 13.31 7.73
50.12 15.13 13.61 12.58 10.24 0.00 12.35
41.79 9.51 8.11 7.88 7.58 12.14 0.00

0.00 44.35 43.99 40.94 45.20 48.84 44.40
52.24 0.00 18.55 12.25 8.22 15.56 11.70
49.65 6.44 0.00 10.21 7.58 14.53 8.49
48.43 11.51 11.60 0.00 9.55 13.57 6.91
55.93 7.46 7.73 8.09 0.00 18.36 7.61
62.90 17.60 13.88 13.70 13.85 0.00 13.77
50.55 9.78 8.42 7.00 7.84 11.44 0.00

0.00 53.57 50.90 55.88 54.23 57.75 51.95
58.80 0.00 15.28 14.29 9.14 14.80 12.81
53.79 11.94 0.00 11.23 8.23 15.38 9.43
48.99 12.77 12.27 0.00 10.94 14.04 7.32
59.49 8.11 7.61 8.22 0.00 16.61 7.83
70.61 19.79 17.65 14.24 15.12 0.00 15.86
55.54 10.93 11.21 6.89 8.41 12.01 0.00

0.00 60.51 57.38 53.60 59.25 63.76 56.51
58.82 0.00 7.40 15.31 10.46 16.35 13.30
63.68 9.80 0.00 12.14 8.26 14.60 10.39
49.38 15.15 12.66 0.00 10.75 14.91 7.80
58.36 10.74 11.10 9.10 0.00 12.31 8.23
71.58 21.15 19.89 16.17 16.18 0.00 15.72
59.38 14.02 11.50 7.76 8.63 12.89 0.00

0.00 53.27 52.20 43.41 53.95 56.92 49.49
57.76 0.00 7.55 17.77 9.33 16.94 12.24
55.10 6.54 0.00 12.13 7.67 13.01 10.56
49.38 14.16 11.27 0.00 10.46 13.30 7.54
53.20 8.24 9.37 8.98 0.00 11.01 8.41
71.58 21.15 23.26 14.25 17.53 0.00 13.98
50.41 11.19 9.58 8.27 8.53 11.72 0.00

0.00 38.38 37.80 40.93 38.05 40.31 35.79
57.76 0.00 7.55 13.16 6.58 16.73 11.92
52.48 6.27 0.00 10.47 7.63 13.68 9.25
49.38 11.46 12.06 0.00 10.66 9.35 7.32
52.20 8.07 6.26 7.69 0.00 10.47 7.38
71.58 21.15 23.95 13.66 15.84 0.00 9.74
44.07 11.54 7.45 6.79 7.48 10.87 0.00

0.00 34.77 28.83 24.83 31.43 32.83 28.70
57.76 0.00 7.55 10.32 6.33 16.72 11.92
52.48 6.27 0.00 9.02 6.49 11.45 7.69
49.38 11.22 12.17 0.00 9.77 8.69 7.30
52.20 8.12 8.48 8.32 0.00 9.29 8.24
71.58 21.15 23.95 13.66 15.65 0.00 9.34
43.66 11.66 7.55 17.84 8.97 9.46 0.00

