200 12 7

0 5 1 567
1 1 2 599
2 5 1 224
3 4 6 208
4 4 3 375
5 0 4 578
6 3 4 281
7 3 0 363
8 0 4 259
9 1 6 180
10 2 4 473
11 4 5 179
12 4 0 173
13 6 3 195
14 0 3 156
15 4 6 234
16 0 3 299
17 4 2 315
18 3 5 504
19 0 5 462
20 0 1 367
21 6 1 474
22 6 0 379
23 0 4 307
24 2 6 118
25 0 3 271
26 0 2 206
27 4 1 293
28 2 5 113
29 6 0 523
30 1 2 172
31 4 3 479
32 3 0 231
33 5 4 176
34 4 6 161
35 6 5 362
36 6 5 539
37 0 2 367
38 2 6 155
39 0 4 127
40 5 0 267
41 4 5 161
42 4 2 154
43 5 6 322
44 0 2 346
45 0 2 75
46 3 5 533
47 2 3 259
48 5 2 455
49 5 1 499
50 0 4 506
51 4 6 568
52 3 2 590
53 5 6 504
54 2 6 521
55 3 6 269
56 5 4 404
57 0 2 524
58 4 5 176
59 5 6 401
60 4 5 115
61 0 1 506
62 3 5 166
63 5 4 325
64 4 0 192
65 6 3 562
66 0 3 303
67 2 3 324
68 1 3 429
69 6 2 197
70 4 5 87
71 3 4 551
72 0 1 411
73 6 3 428
74 1 6 216
75 6 4 137
76 0 1 513
77 0 6 249
78 2 4 156
79 6 5 216
80 5 4 220
81 4 1 335
82 6 1 425
83 2 4 123
84 2 5 271
85 6 3 577
86 1 4 436
87 4 6 368
88 1 0 374
89 4 6 167
90 0 3 422
91 2 0 489
92 0 5 101
93 1 4 444
94 6 2 579
95 4 2 101
96 0 1 498
97 6 4 407
98 6 4 155
99 0 4 271
100 5 1 247
101 6 0 130
102 6 4 232
103 1 0 557
104 3 6 567
105 1 6 300
106 6 5 149
107 2 3 195
108 0 5 292
109 1 6 430
110 1 4 142
111 6 3 587
112 3 1 551
113 1 3 145
114 6 0 313
115 2 4 156
116 5 6 524
117 0 6 173
118 6 3 580
119 0 2 26
120 6 4 534
121 0 1 236
122 6 4 499
123 0 5 230
124 4 2 205
125 3 6 151
126 1 5 104
127 2 1 181
128 1 4 122
129 2 6 588
130 0 1 488
131 1 4 434
132 5 3 78
133 1 2 439
134 5 0 484
135 0 4 596
136 4 1 140
137 3 4 304
138 3 6 421
139 2 0 178
140 3 2 474
141 1 5 538
142 3 0 350
143 1 6 197
144 3 0 263
145 0 6 131
146 5 6 462
147 2 5 126
148 4 5 225
149 0 1 20
150 5 4 74
151 6 1 233
152 0 4 40
153 5 4 328
154 6 1 315
155 4 3 499
156 2 6 592
157 3 6 167
158 4 1 319
159 0 2 156
160 0 2 521
161 6 3 135
162 2 5 400
163 0 2 128
164 0 1 136
165 4 0 209
166 2 4 139
167 5 0 222
168 6 0 174
169 4 1 386
170 0 4 267
171 4 6 411
172 6 4 101
173 1 4 576
174 0 5 283
175 2 0 135
176 0 1 404
177 3 1 130
178 2 6 233
179 3 1 518
180 1 0 515
181 2 4 124
182 6 4 319
183 6 1 314
184 2 4 89
185 6 3 596
186 0 4 186
187 5 4 135
188 4 6 298
189 4 1 139
190 5 4 547
191 0 3 542
192 1 6 584
193 4 6 449
194 6 1 212
195 4 3 121
196 4 3 311
197 5 6 189
198 4 3 312
199 5 3 160

0.00 66.88 67.77 56.89 69.33 71.65 68.76
47.83 0.00 5.48 13.96 7.02 13.69 10.50
45.43 9.85 0.00 10.15 5.98 20.52 9.02
33.48 11.96 10.66 0.00 8.88 12.39 6.95
47.28 6.46 6.89 7.90 0.00 13.09 7.52
55.32 13.74 15.53 12.05 11.19 0.00 12.24
44.00 10.72 7.99 9.18 7.92 13.74 0.00

0.00 58.45 51.97 49.26 58.63 56.45 51.21
29.56 0.00 6.00 12.24 8.49 13.13 10.86
34.21 9.50 0.00 10.43 7.31 16.76 8.55
32.84 12.54 10.94 0.00 9.24 12.42 7.20
38.41 7.49 9.03 10.57 0.00 10.68 7.69
36.08 16.46 14.23 13.44 10.25 0.00 10.63
36.28 11.27 8.53 7.88 7.95 12.13 0.00

0.00 48.86 47.45 46.82 49.03 51.23 45.68
31.07 0.00 6.52 10.98 7.46 12.99 9.92
27.58 5.86 0.00 9.94 7.72 16.82 8.50
27.90 12.61 12.12 0.00 9.30 12.14 8.43
34.36 8.47 7.71 9.58 0.00 12.39 8.81
36.12 15.34 13.29 14.71 12.28 0.00 11.50
27.92 8.97 8.31 5.70 11.19 11.29 0.00

0.00 46.99 42.31 41.59 44.70 51.37 42.70
39.00 0.00 7.03 11.23 8.50 14.68 10.98
32.31 5.76 0.00 10.35 6.43 15.84 8.63
36.30 12.44 10.47 0.00 9.30 11.13 8.77
38.29 8.39 7.49 10.71 0.00 11.74 7.98
46.88 14.23 14.18 13.48 12.63 0.00 10.17
33.16 9.93 8.35 6.33 7.57 11.08 0.00

0.00 45.28 42.97 45.64 44.44 49.69 43.77
39.57 0.00 7.11 12.17 8.78 14.61 9.81
39.08 6.92 0.00 10.22 7.18 14.31 9.05
43.31 13.84 9.73 0.00 10.39 12.14 8.69
43.16 8.48 7.95 9.71 0.00 11.25 7.86
50.29 16.49 15.93 12.10 12.24 0.00 11.27
40.44 9.81 8.22 7.17 8.19 11.51 0.00

0.00 45.91 43.88 46.71 47.80 55.08 46.30
45.28 0.00 6.24 11.77 7.75 13.98 10.07
46.01 7.13 0.00 10.93 7.36 14.29 10.20
48.84 12.43 11.25 0.00 10.55 10.14 7.62
50.97 7.36 7.52 8.68 0.00 11.37 7.66
56.73 19.63 17.92 12.83 12.13 0.00 13.60
46.11 9.38 8.82 7.85 8.04 13.89 0.00

0.00 52.38 50.20 48.93 53.42 62.06 51.72
54.68 0.00 7.13 12.25 8.41 15.32 11.24
54.56 8.20 0.00 10.77 8.32 16.76 9.83
54.97 13.24 14.38 0.00 9.31 9.92 9.84
60.02 7.98 9.33 8.37 0.00 13.19 8.80
69.55 18.27 16.50 14.75 13.32 0.00 13.97
57.19 10.11 9.06 7.42 7.99 14.19 0.00

0.00 60.21 56.90 58.12 60.05 68.48 58.95
67.11 0.00 7.16 13.51 8.16 17.09 13.82
60.41 10.08 0.00 10.38 7.84 22.59 10.63
59.74 14.59 13.83 0.00 9.79 11.50 9.46
68.30 7.98 8.22 8.94 0.00 13.76 8.80
76.52 21.53 18.33 14.46 16.08 0.00 14.99
65.98 10.70 9.25 6.83 8.95 11.91 0.00

0.00 62.91 60.61 65.18 63.93 74.68 61.79
71.25 0.00 6.77 15.25 8.68 25.93 16.93
63.28 10.70 0.00 11.91 10.02 31.46 10.81
56.39 14.15 14.02 0.00 10.46 12.19 8.83
66.16 8.59 7.67 10.26 0.00 13.63 9.43
76.26 22.16 22.16 15.70 16.33 0.00 15.91
60.39 12.25 10.57 7.28 8.97 12.93 0.00

0.00 60.01 57.36 52.65 60.48 63.38 56.73
71.25 0.00 7.98 15.08 9.34 29.02 17.53
55.22 10.70 0.00 12.16 8.94 19.77 10.22
54.56 13.53 12.64 0.00 9.67 12.03 8.53
62.39 7.43 7.71 8.85 0.00 13.79 8.77
76.26 20.22 23.47 13.29 16.63 0.00 15.33
49.96 9.55 10.10 7.07 8.32 12.23 0.00

0.00 54.65 47.98 51.32 49.79 60.52 49.83
71.25 0.00 8.23 11.54 9.79 29.02 14.66
54.84 10.70 0.00 10.81 8.56 14.26 9.27
54.56 13.45 10.73 0.00 9.17 10.47 7.86
28.28 5.80 7.46 8.03 0.00 11.05 8.66
76.26 14.80 17.41 12.64 11.69 0.00 13.46
32.82 10.11 8.36 6.32 7.94 11.69 0.00

0.00 34.35 35.97 32.46 38.74 42.10 36.13
71.25 0.00 8.23 11.20 8.95 29.02 11.28
55.00 10.70 0.00 9.28 7.48 14.54 7.17
54.56 13.45 9.62 0.00 9.42 12.72 9.86
24.91 5.67 7.35 9.11 0.00 10.33 7.60
76.26 14.30 16.79 12.64 12.00 0.00 12.00
31.27 9.28 7.44 5.79 7.39 8.68 0.00

