50 13 7
0 0 2
1 0 5
2 1 5
3 2 0
4 2 1
5 2 2
6 2 3
7 2 4
8 2 5
9 3 0
10 3 2
11 3 5
12 3 6
13 4 0
14 4 3
15 5 0
16 5 2
17 5 3
18 5 5
19 6 1
20 6 2
21 6 3
22 6 4
23 6 5
24 0 2
25 0 3
26 0 5
27 1 0
28 1 2
29 1 5
30 2 0
31 2 1
32 2 2
33 2 3
34 2 4
35 2 5
36 3 0
37 3 2
38 3 3
39 3 5
40 3 6
41 4 3
42 4 5
43 5 0
44 5 2
45 5 3
46 5 5
47 6 0
48 6 1
49 6 2
# Time slot 0: 08:00
0.0 1303.4 768.2 1303.4 1303.4 631.2 1303.4
1303.4 0.0 1303.4 1303.4 1303.4 479.9 1303.4
671.3 520.4 0.0 480.0 857.6 303.7 1336.1
397.3 1336.1 457.1 0.0 1336.1 321.9 2507.1
820.1 1336.1 1336.1 650.7 0.0 1336.1 1336.1
604.5 1336.1 339.5 416.0 1336.1 0.0 1363.5
1363.5 3679.5 3813.7 4172.2 4100.6 3794.6 0.0
# Time slot 1: 09:00
0.0 1148.7 869.2 422.0 1148.7 683.6 1148.7
297.7 0.0 786.7 1148.7 1148.7 555.0 1148.7
843.1 656.2 0.0 579.1 699.7 364.4 1173.8
393.4 1173.8 655.9 0.0 1199.9 370.8 2662.5
1199.9 1199.9 1199.9 699.8 0.0 821.2 1199.9
641.2 1199.9 325.4 451.1 1199.9 0.0 1221.4
3410.9 2836.2 3328.3 3355.4 3093.8 3136.3 0.0
# Time slot 2: 10:00
0.0 1058.2 703.3 407.7 1058.2 602.1 1058.2
1058.2 0.0 802.1 1058.2 1058.2 501.9 1581.4
857.8 3362.1 0.0 612.4 710.1 382.7 1078.1
408.6 1078.1 571.9 0.0 716.1 468.2 1756.2
859.1 1100.9 1100.9 663.5 0.0 609.7 1998.7
642.6 1100.9 321.5 409.5 1100.9 0.0 1550.9
1119.8 2371.5 2350.9 2522.9 2616.0 2495.9 0.0
# Time slot 3: 11:00
0.0 326.4 664.9 370.9 773.3 537.6 773.3
773.3 0.0 773.3 773.3 773.3 422.5 773.3
773.3 681.3 0.0 504.4 742.3 342.8 1626.8
333.4 375.4 630.5 0.0 646.3 380.6 1740.2
802.0 802.0 617.9 476.0 0.0 541.6 805.4
566.9 561.0 303.5 370.7 805.4 0.0 1679.4
2129.9 818.4 1521.0 1948.6 1709.7 1689.6 0.0
# Time slot 4: 12:00
0.0 925.6 754.5 425.3 792.8 570.0 925.6
925.6 0.0 925.6 282.0 749.3 452.0 925.6
653.1 578.6 0.0 507.9 792.9 364.2 1656.2
386.1 286.3 428.8 0.0 546.0 363.1 1955.7
771.1 943.5 862.6 499.0 0.0 645.9 1912.9
569.1 413.2 330.6 377.3 952.6 0.0 1646.0
2368.3 966.3 1831.5 1950.6 2225.6 1840.4 0.0
# Time slot 5: 13:00
0.0 831.9 687.2 375.7 848.4 637.7 831.9
300.9 0.0 616.2 849.8 809.8 451.2 1731.6
675.3 620.2 0.0 548.2 761.0 849.8 849.8
369.6 292.7 498.8 0.0 865.4 384.2 1918.4
865.4 865.4 865.4 493.6 0.0 906.5 1979.3
584.6 487.1 293.0 373.4 625.6 0.0 1752.4
2179.3 892.5 1779.7 2244.8 892.5 2021.4 0.0
# Time slot 6: 14:00
0.0 820.0 651.5 373.7 746.6 581.3 820.0
820.0 0.0 586.8 274.0 820.0 420.9 820.0
639.9 605.4 0.0 487.7 700.0 333.1 820.0
387.6 285.6 489.6 0.0 685.6 369.1 2355.1
820.0 820.0 619.6 820.0 0.0 586.0 820.0
519.7 398.1 266.5 374.3 820.0 0.0 1946.9
832.8 2049.5 832.8 2287.8 2467.2 2093.2 0.0
# Time slot 7: 15:00
0.0 339.8 696.0 355.4 750.4 571.1 2440.3
900.1 0.0 605.5 321.7 919.9 433.5 2380.5
654.6 565.6 0.0 456.8 751.9 362.3 919.9
386.1 340.2 441.1 0.0 632.6 357.2 2451.8
933.3 933.3 757.6 606.0 0.0 599.0 933.3
523.5 523.5 247.1 335.3 933.3 0.0 2371.1
949.9 2320.3 949.9 2232.8 2770.1 2324.4 0.0
# Time slot 8: 16:00
0.0 272.6 757.2 476.8 1084.1 590.0 3545.3
1129.1 0.0 594.6 307.8 1129.1 506.7 1129.1
1129.1 743.0 0.0 538.1 745.0 1129.1 1129.1
359.0 360.5 455.4 0.0 618.1 367.6 2988.4
1147.8 873.7 690.3 645.1 0.0 599.6 3188.3
550.5 437.5 251.4 357.6 623.4 0.0 2778.6
1169.5 2978.9 1169.5 2922.5 2837.9 2928.7 0.0
# Time slot 9: 17:00
0.0 336.2 798.7 401.0 883.4 707.4 900.2
900.2 0.0 727.8 361.5 912.4 586.7 912.4
883.2 699.6 0.0 568.5 622.4 385.5 912.4
369.8 309.0 478.9 0.0 608.8 444.9 3342.9
930.2 930.2 930.2 967.2 0.0 727.2 950.9
593.4 502.1 295.6 366.7 650.6 0.0 966.8
966.8 2999.2 2747.3 3275.4 966.8 3200.0 0.0
# Time slot 10: 18:00
0.0 902.5 859.6 902.5 926.1 816.0 902.5
389.5 0.0 891.7 282.1 925.8 925.8 925.8
925.8 925.8 0.0 652.2 710.7 427.2 925.8
459.2 372.0 491.5 0.0 633.2 514.2 945.6
945.6 945.6 945.6 627.6 0.0 605.1 962.1
739.1 605.0 321.6 425.2 640.1 0.0 2782.1
976.7 2804.6 976.7 3201.1 2742.9 2722.9 0.0
# Time slot 11: 19:00
0.0 896.7 710.2 896.7 896.7 896.7 896.7
896.7 0.0 896.7 347.3 739.8 530.5 896.7
896.7 896.7 0.0 481.3 735.3 372.5 919.8
919.8 919.8 467.5 0.0 943.1 390.3 943.1
943.1 943.1 943.1 943.1 0.0 943.1 943.1
943.1 527.5 243.6 380.2 656.9 0.0 960.0
2443.3 2315.9 960.0 2564.6 2718.8 2071.6 0.0
# Time slot 12: 20:00
0.0 831.6 831.6 831.6 831.6 831.6 831.6
831.6 0.0 831.6 303.3 831.6 831.6 831.6
831.6 831.6 0.0 464.6 857.5 857.5 2894.5
857.5 382.6 404.5 0.0 880.7 880.7 880.7
880.7 880.7 880.7 880.7 0.0 904.1 904.1
904.1 904.1 904.1 344.3 550.6 0.0 921.7
921.7 1935.7 921.7 2072.6 921.7 1983.1 0.0
