100 12 7

0 1 6 104
1 4 0 142
2 4 0 543
3 3 2 264
4 1 4 223
5 0 3 367
6 3 4 295
7 2 5 127
8 0 1 92
9 1 0 559
10 2 0 282
11 6 4 291
12 1 4 499
13 1 0 83
14 0 1 333
15 4 1 502
16 0 2 267
17 6 4 327
18 6 4 343
19 1 6 151
20 2 6 445
21 4 5 533
22 3 4 273
23 5 0 120
24 4 3 166
25 6 1 448
26 6 0 145
27 4 0 149
28 2 4 167
29 2 0 550
30 6 0 68
31 6 5 191
32 3 0 322
33 5 2 484
34 4 3 536
35 1 0 210
36 5 4 419
37 4 2 392
38 6 5 341
39 1 6 192
40 3 5 418
41 5 3 576
42 5 3 394
43 5 1 79
44 0 6 37
45 5 2 282
46 2 5 149
47 0 2 529
48 2 5 408
49 4 1 252
50 2 0 378
51 6 4 151
52 1 6 177
53 1 0 286
54 3 6 569
55 2 4 194
56 0 5 268
57 6 1 540
58 3 5 520
59 2 6 193
60 6 2 318
61 5 6 364
62 1 3 162
63 6 3 256
64 0 1 263
65 0 4 97
66 2 5 239
67 2 6 589
68 2 0 113
69 2 4 125
70 4 6 233
71 3 6 341
72 6 2 569
73 0 2 288
74 1 4 102
75 2 5 470
76 5 0 449
77 0 2 162
78 2 5 501
79 2 5 343
80 2 5 300
81 0 4 444
82 1 4 281
83 1 6 135
84 0 6 427
85 5 3 531
86 4 3 396
87 4 6 228
88 4 1 384
89 1 2 467
90 6 3 94
91 6 2 92
92 2 5 247
93 0 3 318
94 2 6 494
95 0 2 104
96 0 6 275
97 2 0 273
98 4 3 460
99 0 5 327

0.00 57.19 56.40 68.33 61.35 59.97 56.39
34.67 0.00 6.28 10.66 5.30 15.26 9.19
33.52 6.00 0.00 9.78 5.85 15.09 7.93
32.75 10.68 9.57 0.00 7.95 13.06 9.53
37.04 6.24 8.18 8.17 0.00 14.03 6.81
42.07 15.24 18.57 9.78 10.53 0.00 9.87
34.41 10.37 9.11 8.12 8.53 12.09 0.00

0.00 56.22 52.48 48.81 55.01 55.71 52.71
35.86 0.00 6.21 10.57 7.80 15.07 9.69
31.20 6.04 0.00 7.68 6.83 16.98 7.35
32.75 11.68 10.22 0.00 8.01 11.62 6.84
33.06 7.10 8.05 10.65 0.00 12.61 8.34
42.23 14.22 18.65 9.78 13.03 0.00 12.11
31.84 10.82 11.28 10.86 8.02 15.11 0.00

0.00 54.92 54.47 49.65 56.97 55.32 54.42
37.70 0.00 5.99 10.10 7.07 16.30 17.03
33.14 6.37 0.00 8.25 7.02 16.61 8.26
34.48 12.40 8.94 0.00 9.09 15.56 7.28
35.29 7.15 8.24 7.91 0.00 12.97 6.99
43.09 15.42 19.11 9.78 14.70 0.00 12.22
32.03 10.53 9.74 13.38 7.18 12.95 0.00

0.00 57.73 57.23 53.15 60.18 61.07 56.53
43.92 0.00 5.28 12.73 8.11 15.38 10.53
40.19 6.12 0.00 9.56 8.91 17.50 8.85
42.06 12.11 10.02 0.00 10.04 17.01 7.73
43.97 7.63 13.52 8.25 0.00 13.33 7.39
48.55 16.37 18.21 10.49 15.03 0.00 13.99
40.50 10.07 8.38 9.98 8.81 12.26 0.00

0.00 61.25 60.37 62.16 63.79 66.52 60.34
51.76 0.00 6.56 13.03 8.99 15.15 10.41
48.92 5.88 0.00 13.02 9.54 18.56 9.00
44.15 13.08 10.99 0.00 11.19 17.27 9.74
51.46 7.52 9.12 8.14 0.00 13.97 8.19
58.43 19.99 19.78 12.13 16.15 0.00 14.95
44.22 9.97 9.07 6.66 8.34 13.74 0.00

0.00 64.42 63.36 60.90 65.68 69.57 61.21
57.84 0.00 8.54 11.48 8.85 14.67 12.28
55.53 5.64 0.00 12.27 7.80 19.93 9.05
51.99 12.60 13.02 0.00 10.06 14.20 11.33
58.97 7.69 7.03 10.18 0.00 17.51 7.71
67.35 18.18 20.13 11.98 17.42 0.00 16.75
51.36 10.42 8.63 7.11 8.02 16.44 0.00

0.00 68.27 67.87 59.28 71.04 73.27 68.93
62.89 0.00 6.91 12.95 9.60 16.16 12.95
60.97 5.40 0.00 11.00 10.63 18.90 9.09
59.83 13.56 13.20 0.00 9.77 13.95 8.82
67.09 8.19 7.36 9.93 0.00 16.17 8.13
72.64 19.97 22.86 13.69 17.91 0.00 17.23
59.88 10.77 8.67 7.01 8.63 15.06 0.00

0.00 70.29 71.75 68.31 74.04 77.93 72.95
62.00 0.00 5.99 14.35 10.16 16.28 12.80
63.96 7.06 0.00 12.71 10.40 19.07 10.54
63.10 14.93 11.68 0.00 11.75 14.83 8.23
68.09 8.57 9.82 8.50 0.00 15.61 9.80
79.75 22.10 24.70 16.31 20.68 0.00 18.56
65.50 11.20 11.62 6.25 8.46 12.89 0.00

0.00 73.50 70.13 69.07 72.55 75.98 70.40
58.95 0.00 6.16 14.56 10.05 25.44 15.42
64.95 7.62 0.00 14.30 8.24 21.05 10.28
63.10 17.55 12.10 0.00 10.88 15.51 7.29
63.51 7.70 9.81 9.00 0.00 17.46 8.63
60.26 26.58 24.80 17.71 24.20 0.00 17.95
68.08 11.16 11.22 9.19 8.73 15.19 0.00

0.00 77.82 65.28 64.47 68.53 71.05 68.17
59.87 0.00 6.41 15.26 10.77 24.47 11.84
54.11 6.78 0.00 13.04 7.42 18.23 10.16
63.10 16.55 12.59 0.00 9.57 14.62 7.68
52.48 6.57 8.00 10.01 0.00 17.65 7.67
52.29 30.71 26.30 20.59 21.91 0.00 20.15
63.98 9.41 8.87 13.05 7.49 15.12 0.00

0.00 62.26 54.07 58.69 58.60 57.77 55.60
60.25 0.00 6.04 10.00 8.91 18.17 11.37
51.68 6.63 0.00 11.46 8.53 20.82 9.62
63.10 14.28 11.02 0.00 10.20 20.50 7.16
50.32 10.63 7.26 8.96 0.00 16.84 8.06
52.40 18.86 26.29 39.01 20.09 0.00 22.39
63.00 10.31 8.83 6.68 8.37 19.28 0.00

0.00 43.94 41.30 37.31 44.86 49.18 46.00
60.25 0.00 6.00 12.75 7.80 22.62 11.42
51.68 6.63 0.00 11.47 10.49 16.14 10.46
63.10 14.09 10.86 0.00 8.31 10.62 8.59
50.32 11.06 7.25 7.28 0.00 18.15 7.00
52.40 17.61 22.15 40.79 18.54 0.00 16.77
63.00 7.56 7.47 7.54 8.23 12.96 0.00

