50 12 7

0 0 2 261
1 2 0 343
2 4 0 531
3 4 3 334
4 3 0 96
5 3 4 534
6 6 0 372
7 3 2 126
8 4 5 184
9 4 3 105
10 4 5 473
11 0 4 435
12 0 5 140
13 3 5 186
14 2 4 53
15 0 2 213
16 1 0 163
17 4 5 484
18 4 2 482
19 0 5 75
20 2 4 448
21 3 2 599
22 3 2 106
23 0 2 453
24 5 6 321
25 2 3 136
26 2 4 570
27 0 4 418
28 2 3 567
29 4 0 275
30 6 5 131
31 3 2 215
32 0 4 246
33 0 5 216
34 4 5 540
35 2 5 92
36 4 2 454
37 6 5 510
38 4 2 178
39 4 0 480
40 0 1 222
41 3 1 35
42 0 5 301
43 6 4 315
44 0 6 50
45 6 3 342
46 2 3 288
47 2 0 404
48 4 5 224
49 0 3 86

0.00 39.81 23.90 19.62 25.93 26.18 30.55
23.65 0.00 0.00 9.87 10.25 12.70 10.67
21.77 17.92 0.00 7.05 14.90 15.42 7.42
20.40 8.29 9.37 0.00 8.60 12.32 6.11
24.98 6.67 5.03 8.45 0.00 15.62 5.15
32.28 0.00 17.15 11.64 11.28 0.00 11.66
22.46 11.47 9.11 8.25 5.57 10.28 0.00

0.00 40.38 31.48 23.91 33.49 36.48 32.71
26.68 0.00 0.00 9.49 10.25 12.70 10.18
27.98 17.92 0.00 7.50 14.05 15.94 10.00
21.27 8.55 9.46 0.00 8.95 12.32 6.11
27.06 6.67 5.27 8.39 0.00 10.49 7.37
33.07 0.00 17.15 11.64 11.28 0.00 11.66
25.68 11.47 9.11 8.25 5.69 10.28 0.00

0.00 46.73 40.10 43.32 44.78 44.92 40.43
39.43 0.00 0.00 8.13 10.25 12.70 9.70
33.09 17.92 0.00 11.35 5.72 19.79 9.95
31.77 11.69 10.51 0.00 11.77 12.34 6.04
35.54 6.67 7.83 8.09 0.00 11.19 10.77
41.61 0.00 17.15 11.67 11.00 0.00 11.96
36.84 11.47 9.11 8.26 7.01 10.62 0.00

0.00 50.44 48.96 52.44 50.10 53.34 47.09
48.06 0.00 0.00 8.71 10.25 12.70 9.21
42.02 17.92 0.00 8.41 6.63 13.95 9.58
40.79 13.75 10.81 0.00 8.19 12.40 6.27
44.58 6.67 8.43 8.95 0.00 11.36 7.83
46.42 0.00 17.15 11.89 10.19 0.00 12.92
47.95 11.47 9.11 7.50 7.31 12.52 0.00

0.00 55.94 52.42 56.26 54.94 58.75 51.88
45.34 0.00 0.00 9.29 10.25 12.70 8.72
44.45 17.92 0.00 9.78 7.42 14.70 8.04
45.46 12.59 9.80 0.00 6.86 12.46 7.78
47.18 6.67 7.72 8.70 0.00 12.52 6.86
52.74 0.00 17.15 12.93 11.58 0.00 12.14
46.14 11.47 9.11 5.62 7.08 13.64 0.00

0.00 59.30 54.35 56.38 58.23 59.06 52.69
45.01 0.00 0.00 9.88 10.25 12.70 8.44
45.69 17.92 0.00 9.73 7.28 15.51 8.19
48.87 12.67 10.07 0.00 8.08 11.67 7.44
47.76 6.67 8.44 9.03 0.00 14.15 6.72
51.62 0.00 14.49 14.49 12.03 0.00 12.93
43.26 11.47 8.61 10.37 7.98 13.84 0.00

0.00 54.44 54.08 56.18 56.43 59.32 50.84
45.27 0.00 0.00 10.17 9.16 12.70 8.44
45.85 17.92 0.00 8.82 10.13 14.11 9.30
50.35 13.58 10.00 0.00 10.21 12.55 6.57
49.78 6.28 7.47 8.53 0.00 14.30 8.01
46.94 0.00 11.29 14.49 11.46 0.00 13.42
52.58 11.47 8.55 10.00 8.54 14.04 0.00

0.00 51.97 51.46 44.14 52.78 64.21 49.19
47.25 0.00 0.00 10.17 8.35 12.70 8.44
50.08 17.92 0.00 9.04 9.39 14.26 10.54
51.83 13.58 10.24 0.00 12.29 16.73 6.72
51.70 5.50 7.83 11.91 0.00 12.87 8.68
47.00 0.00 11.29 14.49 11.04 0.00 13.90
51.80 11.47 10.38 6.53 7.59 14.05 0.00

0.00 49.75 47.63 46.37 49.91 56.37 44.62
48.31 0.00 0.00 10.17 7.39 12.70 8.44
49.21 17.92 0.00 9.63 8.69 16.34 12.39
52.33 13.58 10.42 0.00 9.25 14.67 7.02
51.36 5.23 9.63 10.55 0.00 19.94 6.99
47.00 0.00 11.29 14.49 13.68 0.00 12.92
43.69 11.47 12.71 8.60 9.12 13.54 0.00

0.00 47.31 45.66 44.57 48.18 50.30 43.50
48.31 0.00 0.00 10.17 7.00 12.70 8.44
48.18 17.92 0.00 9.86 7.64 33.90 10.35
52.33 13.58 10.61 0.00 10.40 13.57 7.02
42.28 5.23 8.16 8.90 0.00 16.12 7.53
47.00 0.00 11.29 14.49 14.65 0.00 12.48
42.43 11.47 9.11 9.12 7.23 11.65 0.00

0.00 43.99 39.49 35.22 42.73 43.80 40.49
48.31 0.00 0.00 10.17 7.00 12.70 8.44
48.18 17.92 0.00 9.90 6.56 16.41 7.42
52.33 13.58 10.80 0.00 9.64 11.17 7.02
29.19 5.23 9.85 8.38 0.00 13.25 7.42
47.00 0.00 11.29 14.49 14.65 0.00 12.48
42.43 11.47 8.18 9.12 7.34 9.35 0.00

0.00 40.47 42.52 36.32 44.15 47.07 40.43
48.31 0.00 0.00 10.17 7.00 12.70 8.44
48.18 17.92 0.00 9.90 6.44 16.37 7.19
52.33 13.58 8.88 0.00 9.50 10.92 7.02
32.51 5.23 7.06 8.34 0.00 11.53 8.73
47.00 0.00 11.29 14.49 14.65 0.00 12.48
42.43 11.47 8.18 9.12 7.09 14.22 0.00

