200 12 7

0 4 6 95
1 6 1 184
2 0 4 425
3 6 4 498
4 3 4 299
5 1 3 411
6 4 3 490
7 4 5 231
8 4 1 122
9 2 4 465
10 4 0 413
11 6 3 516
12 4 6 329
13 4 6 460
14 0 2 89
15 4 2 350
16 1 5 467
17 4 0 309
18 2 0 67
19 3 1 119
20 6 2 476
21 0 6 595
22 6 5 354
23 6 4 451
24 3 1 482
25 0 2 493
26 0 3 26
27 2 3 131
28 4 2 397
29 4 0 566
30 1 2 502
31 4 5 62
32 1 4 236
33 1 5 487
34 0 1 448
35 1 3 513
36 4 0 279
37 6 2 531
38 0 3 444
39 6 4 87
40 1 6 516
41 3 2 472
42 4 6 131
43 0 6 215
44 1 4 114
45 6 5 419
46 4 3 116
47 3 6 456
48 6 5 365
49 0 2 304
50 3 1 240
51 1 5 396
52 2 5 395
53 6 4 135
54 6 2 452
55 0 3 561
56 1 6 586
57 3 1 192
58 6 5 384
59 4 0 203
60 3 0 583
61 0 4 528
62 4 3 58
63 6 3 232
64 3 4 484
65 1 3 297
66 2 0 243
67 0 4 345
68 0 1 356
69 4 3 65
70 5 4 581
71 5 3 286
72 4 2 171
73 5 3 91
74 4 1 396
75 3 6 500
76 6 5 580
77 1 5 154
78 2 4 134
79 1 4 403
80 1 5 115
81 1 3 571
82 3 5 235
83 0 6 166
84 6 3 567
85 5 1 343
86 1 4 398
87 3 6 383
88 3 2 298
89 0 4 384
90 2 4 382
91 0 6 164
92 6 0 579
93 2 6 85
94 5 0 367
95 5 2 386
96 0 3 232
97 1 3 420
98 0 4 121
99 4 3 455
100 0 6 492
101 4 3 303
102 4 5 251
103 4 5 497
104 6 4 561
105 5 3 316
106 4 3 152
107 2 0 277
108 0 2 17
109 3 5 68
110 6 2 438
111 3 0 512
112 0 1 404
113 2 0 239
114 3 6 476
115 3 1 483
116 5 3 337
117 1 3 520
118 4 5 144
119 0 5 189
120 4 3 396
121 4 1 594
122 6 4 340
123 0 6 537
124 6 2 309
125 3 1 175
126 6 5 158
127 4 6 268
128 1 4 511
129 4 3 157
130 0 2 33
131 0 4 451
132 6 0 379
133 4 6 481
134 3 2 184
135 3 6 182
136 4 2 419
137 2 0 381
138 5 4 126
139 3 1 174
140 2 4 524
141 3 2 546
142 0 3 138
143 0 6 388
144 2 0 590
145 5 2 600
146 2 4 380
147 5 4 351
148 4 5 528
149 6 1 575
150 4 2 337
151 4 0 405
152 0 2 27
153 0 2 418
154 6 4 588
155 6 2 375
156 0 4 366
157 3 6 348
158 3 4 576
159 3 0 289
160 6 4 394
161 3 4 543
162 0 4 188
163 6 0 335
164 3 2 309
165 6 2 245
166 2 5 539
167 0 5 244
168 4 1 158
169 6 5 83
170 0 5 121
171 1 6 310
172 2 0 515
173 0 6 17
174 4 0 222
175 6 0 585
176 2 4 433
177 6 1 419
178 5 6 457
179 2 0 315
180 6 5 124
181 1 2 183
182 2 6 552
183 2 0 496
184 6 4 350
185 0 1 398
186 4 2 264
187 5 6 389
188 1 4 352
189 2 6 412
190 6 3 179
191 3 5 382
192 1 6 534
193 3 6 263
194 0 4 462
195 6 4 87
196 0 6 220
197 1 6 378
198 0 5 322
199 0 2 58

0.00 69.67 60.96 66.58 54.57 65.00 62.04
32.39 0.00 7.13 17.35 6.67 15.35 10.34
42.07 5.75 0.00 12.69 6.13 12.77 8.38
23.09 13.50 11.11 0.00 9.73 11.31 7.47
43.40 6.83 5.88 10.70 0.00 14.19 8.35
44.59 12.62 12.63 11.88 12.05 0.00 11.36
31.78 12.07 8.25 7.44 9.15 9.66 0.00

0.00 54.46 51.39 55.24 50.67 47.92 49.00
32.42 0.00 7.01 15.15 12.37 28.87 9.62
33.24 5.75 0.00 9.60 7.06 12.79 7.91
22.45 12.42 11.46 0.00 9.10 12.67 8.56
36.61 7.57 8.14 9.39 0.00 13.91 8.05
44.36 13.21 12.63 11.56 9.53 0.00 11.20
34.35 9.98 10.90 6.73 11.50 9.47 0.00

0.00 46.79 45.82 54.20 47.82 46.76 45.21
32.65 0.00 5.82 11.38 6.76 13.69 9.66
29.88 5.75 0.00 9.29 7.31 13.13 8.47
29.66 12.72 11.02 0.00 9.48 13.13 8.72
32.95 7.84 9.29 11.51 0.00 11.51 7.81
41.97 13.69 12.70 11.24 10.54 0.00 9.92
31.83 10.51 9.14 7.60 8.27 8.20 0.00

0.00 50.34 45.19 48.30 48.26 51.16 44.25
36.99 0.00 6.33 11.37 7.17 11.45 9.60
35.04 5.75 0.00 10.46 8.23 13.27 8.92
39.57 12.99 10.89 0.00 9.67 12.80 8.95
38.86 8.24 6.88 9.99 0.00 11.64 8.79
43.84 13.53 13.09 13.33 11.55 0.00 11.79
37.41 9.80 8.72 9.73 8.11 10.59 0.00

0.00 52.48 47.62 50.40 50.87 55.19 49.77
49.45 0.00 6.85 12.55 7.91 12.82 10.79
43.40 5.75 0.00 13.36 11.65 13.01 8.46
45.65 14.30 11.57 0.00 9.60 14.25 8.08
48.18 8.87 8.52 9.15 0.00 10.50 9.41
54.41 13.31 13.49 17.86 12.17 0.00 12.35
44.26 10.64 9.36 7.94 8.05 9.88 0.00

0.00 54.94 50.80 51.48 52.83 58.38 50.68
52.51 0.00 7.38 13.08 7.91 13.98 10.77
47.61 5.95 0.00 15.13 9.37 15.01 9.06
51.08 14.69 10.94 0.00 9.67 15.87 7.82
56.98 9.10 9.42 8.39 0.00 10.64 7.86
65.81 12.92 14.58 14.45 10.90 0.00 14.24
52.91 10.48 8.67 7.37 8.66 11.00 0.00

0.00 55.37 53.40 59.08 55.95 65.78 53.48
58.27 0.00 7.47 14.17 8.33 15.81 11.36
57.73 5.85 0.00 9.96 7.51 14.57 10.93
52.61 13.40 12.01 0.00 11.11 12.42 8.54
65.91 8.38 9.70 9.18 0.00 11.99 8.37
72.62 13.71 16.65 15.00 12.50 0.00 11.09
60.87 10.97 11.93 8.92 9.21 11.44 0.00

0.00 54.54 55.79 60.90 58.82 71.48 55.18
67.48 0.00 7.12 17.45 9.27 17.36 13.22
57.59 5.57 0.00 12.19 7.61 16.66 11.21
58.86 15.34 13.90 0.00 11.49 11.06 9.55
68.96 8.39 11.52 9.73 0.00 13.13 9.48
81.70 15.67 18.94 15.83 15.77 0.00 9.77
67.58 11.59 12.55 8.47 8.89 13.35 0.00

0.00 54.35 56.72 61.89 58.32 60.29 54.57
71.36 0.00 10.14 17.48 11.30 16.82 16.51
61.86 5.57 0.00 15.80 8.05 14.93 11.69
62.35 18.40 14.98 0.00 11.87 12.69 9.63
71.63 8.25 10.13 11.06 0.00 12.46 9.42
70.12 16.32 19.40 16.77 22.58 0.00 12.07
66.49 12.34 13.11 7.48 9.30 11.84 0.00

0.00 57.17 54.27 55.53 52.69 60.42 51.55
71.36 0.00 7.84 20.28 13.22 12.93 13.61
52.90 5.57 0.00 11.76 7.84 15.26 9.66
62.46 14.74 13.23 0.00 12.25 11.59 9.77
63.30 10.73 8.01 10.41 0.00 11.76 9.10
64.14 16.32 18.88 14.76 16.32 0.00 12.65
60.13 12.16 11.67 7.63 9.47 11.39 0.00

0.00 47.95 41.75 46.01 43.53 49.79 41.31
71.36 0.00 7.41 11.92 10.26 12.10 10.60
60.93 5.57 0.00 9.95 7.64 14.54 9.36
62.46 13.79 15.71 0.00 8.61 10.82 8.72
49.91 9.15 8.09 8.19 0.00 12.35 10.03
64.14 16.32 18.36 11.56 15.86 0.00 12.65
51.08 13.25 8.57 6.72 8.67 10.43 0.00

0.00 36.03 34.71 45.48 36.18 34.85 34.29
71.36 0.00 5.77 9.41 6.37 12.10 10.38
62.00 5.57 0.00 10.75 9.09 13.26 7.23
62.46 13.79 11.17 0.00 10.42 10.30 8.62
38.62 11.03 6.66 7.83 0.00 13.50 7.46
64.14 16.32 18.10 11.29 16.01 0.00 12.65
38.47 8.47 7.79 5.62 7.05 8.39 0.00

