200 12 7

0 0 5 280
1 6 3 221
2 0 1 131
3 5 0 539
4 5 4 231
5 5 0 452
6 5 0 361
7 6 0 321
8 4 2 443
9 0 2 236
10 5 0 69
11 5 3 412
12 0 1 112
13 2 5 144
14 0 4 73
15 5 2 577
16 3 2 176
17 0 6 287
18 2 4 362
19 2 0 71
20 4 5 497
21 5 1 338
22 6 0 148
23 2 4 301
24 4 5 591
25 4 6 230
26 6 3 165
27 4 0 297
28 5 3 219
29 2 0 403
30 4 5 274
31 2 6 367
32 0 2 112
33 4 6 197
34 4 1 84
35 5 0 403
36 0 2 287
37 2 4 475
38 0 4 152
39 4 3 554
40 4 0 435
41 3 5 392
42 4 0 452
43 5 2 464
44 6 4 94
45 4 6 457
46 3 1 233
47 3 6 223
48 5 3 365
49 2 5 552
50 0 1 0
51 3 4 181
52 0 1 575
53 5 0 467
54 3 6 286
55 3 5 331
56 3 4 139
57 4 3 126
58 5 6 363
59 6 4 50
60 3 0 492
61 4 3 462
62 5 4 405
63 0 4 491
64 5 0 194
65 0 5 143
66 6 1 249
67 0 3 78
68 0 2 413
69 0 6 530
70 2 5 294
71 3 6 304
72 6 2 450
73 0 1 435
74 6 0 144
75 6 4 574
76 4 1 286
77 4 6 518
78 4 5 89
79 4 2 326
80 0 6 216
81 3 5 484
82 3 4 376
83 6 5 590
84 0 6 539
85 5 4 383
86 5 2 555
87 6 4 386
88 5 4 481
89 4 1 491
90 4 5 309
91 4 2 63
92 0 4 505
93 5 4 476
94 0 2 484
95 4 2 278
96 6 0 118
97 3 2 363
98 3 6 592
99 0 5 16
100 3 1 265
101 3 6 594
102 5 2 468
103 0 6 532
104 0 1 517
105 4 2 455
106 0 6 190
107 6 1 258
108 1 0 161
109 0 4 375
110 0 4 447
111 0 4 68
112 4 0 522
113 5 4 438
114 0 4 462
115 0 2 300
116 5 4 545
117 3 4 279
118 4 5 50
119 0 6 447
120 2 5 599
121 0 4 34
122 0 6 293
123 4 0 86
124 4 5 338
125 3 5 231
126 0 4 432
127 6 5 95
128 4 5 448
129 2 0 418
130 5 2 192
131 4 5 204
132 0 5 122
133 4 2 173
134 4 0 228
135 5 2 373
136 4 0 102
137 3 2 511
138 6 1 482
139 2 0 439
140 5 2 459
141 4 0 587
142 5 2 367
143 4 5 101
144 5 1 475
145 2 4 298
146 2 3 80
147 3 1 426
148 6 5 270
149 5 2 257
150 0 6 162
151 4 1 310
152 3 2 54
153 0 6 108
154 0 4 65
155 4 2 111
156 6 2 73
157 4 0 524
158 3 5 283
159 3 4 532
160 4 5 283
161 0 5 426
162 5 4 85
163 4 0 369
164 3 4 364
165 0 6 562
166 0 2 234
167 6 0 557
168 2 0 569
169 4 2 570
170 3 5 51
171 0 4 250
172 2 4 587
173 2 5 526
174 5 3 278
175 5 4 71
176 6 5 402
177 4 5 442
178 0 2 497
179 4 5 536
180 4 0 508
181 0 1 353
182 2 0 518
183 5 1 425
184 3 5 88
185 0 5 74
186 0 1 252
187 0 5 90
188 2 4 485
189 4 0 282
190 3 6 329
191 5 2 576
192 0 1 387
193 4 5 252
194 0 2 53
195 0 6 451
196 2 3 89
197 2 5 430
198 4 5 261
199 2 6 315

0.00 36.62 26.80 20.37 28.96 33.19 35.60
21.18 0.00 0.00 8.68 5.93 12.28 13.18
22.62 5.23 0.00 6.33 7.43 18.60 7.93
21.62 11.12 9.24 0.00 6.43 10.59 5.63
26.43 6.21 5.77 8.09 0.00 15.91 6.28
24.83 17.85 16.02 14.53 12.44 0.00 23.11
27.45 6.27 5.12 14.89 7.22 11.63 0.00

0.00 27.16 31.77 20.93 33.62 36.26 31.80
21.67 0.00 0.00 8.68 5.93 12.66 13.18
23.13 5.23 0.00 8.69 7.22 15.03 7.04
22.21 11.12 9.87 0.00 6.58 11.56 7.15
25.53 6.21 5.87 9.27 0.00 11.87 5.89
28.70 17.80 16.02 14.53 12.30 0.00 22.11
27.45 6.27 5.12 14.89 7.22 11.67 0.00

0.00 41.30 36.24 27.64 40.53 43.66 38.67
27.65 0.00 0.00 8.68 6.49 16.47 13.18
28.01 5.23 0.00 8.08 5.45 16.75 7.65
29.38 10.98 10.08 0.00 8.46 12.26 20.06
32.55 6.49 7.27 8.60 0.00 12.98 6.87
38.88 17.22 16.02 14.53 11.95 0.00 12.88
29.44 6.34 5.51 14.10 7.30 11.72 0.00

0.00 35.41 36.86 32.89 39.48 41.58 39.12
33.04 0.00 0.00 8.68 8.22 16.52 13.18
36.79 5.23 0.00 8.81 7.46 16.19 8.16
36.55 10.14 10.20 0.00 10.83 12.85 8.95
39.96 8.19 8.32 10.63 0.00 13.95 6.50
46.65 16.63 16.09 14.53 15.88 0.00 15.56
38.08 6.80 7.36 9.37 9.09 15.10 0.00

0.00 40.47 37.01 34.04 40.21 43.33 36.69
36.69 0.00 0.00 8.68 6.33 16.52 13.18
40.33 5.23 0.00 9.51 7.81 17.60 8.50
38.28 9.91 10.42 0.00 12.07 11.83 7.03
41.53 9.67 6.64 9.98 0.00 14.14 9.40
51.08 16.05 15.33 14.53 13.81 0.00 13.76
35.69 7.26 7.76 6.72 11.77 19.20 0.00

0.00 43.38 38.48 35.78 41.07 41.29 37.10
40.34 0.00 0.00 8.68 6.44 16.52 12.34
42.68 5.23 0.00 9.66 6.44 18.58 9.09
32.92 11.53 10.87 0.00 10.74 12.33 8.53
42.28 10.72 7.00 15.84 0.00 12.29 10.32
49.40 15.79 14.62 15.12 14.39 0.00 13.28
41.09 7.72 8.02 8.20 8.38 13.34 0.00

0.00 44.34 40.04 37.53 42.45 44.88 37.17
44.02 0.00 0.00 8.68 6.42 16.52 11.04
45.62 5.23 0.00 9.71 6.78 19.79 9.31
32.92 12.78 10.71 0.00 9.66 11.34 9.82
46.27 10.61 7.19 14.05 0.00 14.23 7.29
52.45 19.38 22.23 16.55 16.47 0.00 14.06
46.43 8.18 8.27 9.68 7.27 9.94 0.00

0.00 44.26 39.27 42.12 42.14 48.20 38.94
62.87 0.00 0.00 8.68 6.86 16.52 10.44
46.03 5.73 0.00 10.83 7.75 18.92 9.44
32.92 12.78 11.17 0.00 9.35 10.00 7.51
54.48 8.31 7.28 10.68 0.00 14.58 7.25
60.47 20.00 21.63 18.82 18.11 0.00 14.77
49.96 8.85 9.83 8.86 8.42 8.47 0.00

0.00 46.28 41.70 41.46 45.02 48.50 41.24
68.91 0.00 0.00 9.72 7.31 16.52 9.85
52.51 6.58 0.00 8.54 7.50 15.97 9.55
32.92 12.78 10.98 0.00 10.92 10.00 9.14
52.23 6.92 7.17 9.01 0.00 14.44 7.16
59.27 16.06 15.65 19.62 15.59 0.00 14.63
62.18 10.01 9.35 7.87 9.03 8.47 0.00

0.00 43.51 42.14 37.90 43.99 42.19 38.70
67.47 0.00 0.00 10.11 7.42 16.52 9.26
54.03 7.43 0.00 8.89 7.09 18.98 8.05
32.92 12.78 10.30 0.00 10.18 10.00 7.08
56.00 6.36 6.41 7.53 0.00 13.95 6.91
63.30 17.46 16.03 19.56 15.15 0.00 16.91
65.24 10.34 10.66 7.81 7.40 8.47 0.00

0.00 35.77 35.14 34.57 36.22 37.67 34.00
67.47 0.00 0.00 10.11 7.42 16.52 8.67
53.91 7.57 0.00 9.24 6.32 14.30 9.50
32.92 12.78 9.62 0.00 9.91 10.00 6.36
63.85 10.30 6.13 7.42 0.00 11.92 6.75
64.60 16.80 16.22 19.56 11.71 0.00 13.06
65.24 10.34 11.06 7.81 8.45 8.47 0.00

0.00 38.33 29.32 31.25 32.42 34.87 28.22
67.47 0.00 0.00 10.11 7.42 16.52 8.62
53.91 7.57 0.00 9.24 6.40 13.75 7.64
32.92 12.78 9.56 0.00 9.91 10.00 6.36
64.50 10.71 5.99 7.42 0.00 15.50 6.74
64.60 16.68 14.82 19.56 11.98 0.00 12.62
65.24 10.34 11.06 7.81 10.17 8.47 0.00

