200 12 7

0 3 4 371
1 5 3 137
2 4 0 453
3 0 2 451
4 6 3 334
5 4 0 48
6 4 0 259
7 6 2 546
8 3 6 529
9 4 1 495
10 3 4 148
11 0 3 290
12 3 2 472
13 6 4 286
14 5 0 466
15 3 0 153
16 2 5 201
17 3 2 150
18 6 3 75
19 0 5 57
20 0 4 555
21 0 1 548
22 5 6 576
23 2 3 201
24 0 5 90
25 2 6 556
26 0 6 234
27 2 6 222
28 1 0 549
29 0 5 100
30 4 1 181
31 3 2 404
32 6 1 273
33 6 2 545
34 2 6 393
35 5 6 123
36 6 2 469
37 5 3 76
38 6 4 388
39 0 1 117
40 5 2 201
41 6 1 364
42 6 5 368
43 0 2 161
44 2 6 384
45 3 0 489
46 4 5 155
47 4 2 318
48 6 2 548
49 1 3 501
50 5 6 501
51 4 6 158
52 6 3 65
53 3 4 368
54 0 1 240
55 0 6 362
56 2 6 531
57 2 6 133
58 1 3 328
59 0 4 295
60 0 2 317
61 0 5 520
62 2 0 350
63 6 2 177
64 4 5 398
65 4 2 144
66 6 4 349
67 2 0 579
68 1 3 424
69 3 1 587
70 6 0 419
71 5 6 536
72 4 5 297
73 6 4 98
74 3 2 144
75 4 5 69
76 2 0 133
77 1 4 134
78 6 3 187
79 0 2 371
80 3 6 467
81 5 4 506
82 2 5 533
83 6 3 346
84 0 2 81
85 4 6 389
86 4 2 456
87 4 2 590
88 4 5 512
89 0 2 304
90 4 5 502
91 0 6 180
92 2 4 234
93 3 5 175
94 3 2 112
95 3 1 430
96 0 3 416
97 6 2 355
98 2 3 90
99 0 4 538
100 0 1 135
101 6 2 506
102 3 2 163
103 3 1 197
104 4 5 382
105 3 6 88
106 4 3 217
107 4 3 310
108 4 5 309
109 6 4 498
110 0 6 356
111 1 2 203
112 3 6 494
113 2 3 470
114 0 6 109
115 0 2 27
116 1 6 123
117 1 4 248
118 2 5 531
119 3 2 587
120 5 6 421
121 0 1 188
122 2 4 489
123 3 1 168
124 3 5 80
125 3 1 58
126 1 3 539
127 4 0 123
128 2 4 308
129 2 6 451
130 6 3 538
131 3 5 290
132 0 4 511
133 6 4 186
134 3 6 291
135 2 3 367
136 2 6 441
137 0 1 92
138 4 5 467
139 4 6 45
140 3 2 441
141 1 6 417
142 0 4 4
143 0 4 10
144 1 3 253
145 4 6 252
146 0 4 507
147 0 2 511
148 0 6 497
149 5 4 500
150 4 5 305
151 0 4 244
152 0 6 129
153 0 6 214
154 4 2 237
155 0 5 148
156 4 6 473
157 0 4 287
158 4 1 345
159 3 4 56
160 2 6 499
161 0 3 533
162 4 0 380
163 5 2 500
164 4 5 557
165 2 3 381
166 5 6 350
167 0 3 433
168 6 4 238
169 3 1 519
170 6 2 441
171 1 3 79
172 0 6 122
173 2 1 400
174 6 1 182
175 2 3 55
176 4 3 480
177 0 4 28
178 2 6 531
179 5 1 416
180 2 1 47
181 3 1 163
182 1 4 387
183 4 5 48
184 1 6 279
185 2 3 360
186 1 5 590
187 2 5 301
188 6 4 59
189 6 3 202
190 6 4 50
191 2 4 506
192 6 1 125
193 6 2 558
194 1 4 168
195 0 5 465
196 1 6 348
197 1 4 261
198 2 1 244
199 6 5 61

0.00 52.48 42.33 46.01 43.43 51.65 49.35
28.26 0.00 6.50 11.76 7.19 13.79 8.41
30.38 6.15 0.00 11.09 9.09 15.52 7.94
29.99 10.11 9.71 0.00 8.28 9.39 6.74
31.07 6.12 7.89 7.14 0.00 10.18 7.06
45.26 12.76 10.53 8.10 7.93 0.00 9.58
34.11 9.64 9.07 8.40 7.70 13.81 0.00

0.00 40.12 37.59 44.85 42.16 50.39 38.56
28.71 0.00 6.50 12.05 7.11 13.80 10.72
27.63 12.25 0.00 8.52 5.15 12.91 8.37
29.99 11.09 11.04 0.00 7.84 13.87 6.89
29.28 6.57 7.92 7.86 0.00 10.96 6.86
45.26 12.80 10.65 8.19 8.02 0.00 9.47
25.33 8.92 8.27 7.95 12.62 10.68 0.00

0.00 40.94 37.47 33.22 41.26 39.11 37.10
34.16 0.00 6.50 14.17 8.17 14.25 9.84
29.39 16.42 0.00 8.45 6.39 14.28 8.28
30.49 12.58 10.92 0.00 7.94 15.54 7.00
34.11 7.78 7.96 7.20 0.00 10.93 7.64
45.83 13.54 12.15 9.29 8.92 0.00 8.75
33.38 9.89 13.73 7.47 7.01 12.20 0.00

0.00 41.20 37.83 36.98 40.89 46.99 38.14
38.56 0.00 6.55 10.96 8.64 14.75 11.01
37.47 10.99 0.00 10.57 6.65 11.03 9.10
34.41 14.32 10.44 0.00 8.49 14.38 8.56
39.98 9.16 6.97 8.53 0.00 10.94 7.47
48.81 15.26 13.62 10.30 8.66 0.00 9.68
36.36 9.26 8.62 6.45 6.80 10.95 0.00

0.00 40.82 38.75 42.02 41.74 48.10 38.28
39.94 0.00 9.80 11.04 7.91 13.55 11.15
41.74 7.37 0.00 8.84 6.81 16.38 8.81
38.97 12.06 10.39 0.00 9.18 12.55 8.94
42.83 7.77 7.45 9.47 0.00 11.71 7.03
48.49 17.11 14.97 11.09 10.56 0.00 11.74
40.89 9.46 9.19 6.34 8.98 11.70 0.00

0.00 43.43 40.89 38.65 43.96 43.98 41.28
43.30 0.00 10.81 11.44 7.65 16.18 10.22
45.45 7.36 0.00 8.84 7.16 16.26 8.04
39.11 12.36 10.54 0.00 10.43 11.24 8.75
48.11 6.85 7.56 8.68 0.00 12.72 7.23
46.04 18.91 16.88 11.64 14.69 0.00 13.05
42.82 9.34 9.03 6.58 9.94 13.19 0.00

0.00 56.76 50.80 61.11 51.92 52.52 50.79
49.03 0.00 6.43 13.05 8.60 16.21 10.63
49.15 7.21 0.00 10.22 7.82 14.22 10.25
39.11 14.41 10.12 0.00 10.25 11.61 7.07
53.91 7.54 6.79 8.16 0.00 12.05 8.55
46.04 18.38 19.89 14.22 15.06 0.00 13.87
51.98 11.37 9.57 8.25 7.59 12.29 0.00

0.00 72.70 57.63 61.00 60.79 57.70 57.31
63.61 0.00 7.54 13.91 9.25 15.79 12.11
52.63 6.91 0.00 12.08 8.08 14.34 10.74
39.11 14.03 11.68 0.00 10.11 12.27 8.34
59.38 9.03 7.53 8.58 0.00 10.74 8.52
46.04 17.98 21.01 15.71 15.95 0.00 12.92
58.38 11.55 9.42 7.65 8.42 11.56 0.00

0.00 69.42 58.16 55.99 62.32 66.79 59.55
70.58 0.00 8.83 15.10 9.96 15.74 12.86
47.59 6.60 0.00 12.00 9.06 14.08 10.25
39.11 12.51 12.51 0.00 10.87 11.62 8.35
56.19 8.66 7.62 10.04 0.00 9.69 7.98
46.04 20.43 22.88 13.05 15.96 0.00 12.43
55.33 14.05 9.92 7.08 9.22 12.33 0.00

0.00 58.23 54.17 57.91 58.47 57.69 56.34
70.58 0.00 7.41 10.50 9.19 14.00 12.82
43.21 6.53 0.00 9.91 7.38 14.06 9.13
39.11 13.97 11.86 0.00 10.99 10.51 8.60
45.68 8.24 7.91 8.44 0.00 10.06 8.49
46.04 18.98 19.07 11.81 15.76 0.00 13.21
54.05 14.13 9.14 7.12 8.74 10.90 0.00

0.00 48.30 49.55 42.71 48.55 49.55 45.50
70.58 0.00 6.39 9.38 9.04 11.76 12.07
37.78 6.53 0.00 11.70 7.65 12.73 10.44
39.11 14.73 11.30 0.00 11.05 11.69 6.88
37.22 8.21 7.48 7.71 0.00 10.26 8.59
46.04 17.79 16.85 11.32 15.88 0.00 9.91
54.05 13.89 9.02 6.41 7.41 8.77 0.00

0.00 39.10 34.02 36.99 39.47 47.66 35.56
70.58 0.00 5.65 9.38 8.04 11.57 10.92
37.27 6.53 0.00 15.90 7.69 12.66 9.75
39.11 13.08 9.29 0.00 9.73 11.82 6.70
36.57 8.21 6.96 6.86 0.00 9.04 6.49
46.04 17.00 15.40 11.28 12.82 0.00 9.56
54.05 13.89 8.18 8.21 7.67 8.60 0.00

