50 12 7

0 0 5 175
1 4 5 169
2 0 5 188
3 6 1 319
4 0 4 186
5 6 4 80
6 2 0 528
7 5 6 458
8 4 6 384
9 0 2 26
10 5 1 68
11 1 3 90
12 2 5 203
13 0 6 450
14 0 2 251
15 0 6 131
16 3 4 459
17 0 1 338
18 0 1 527
19 5 3 181
20 6 3 39
21 2 5 306
22 0 5 494
23 3 6 330
24 3 4 475
25 6 0 430
26 0 1 10
27 6 2 520
28 6 3 141
29 4 1 360
30 3 6 195
31 5 4 552
32 4 3 387
33 2 6 278
34 0 4 534
35 5 3 294
36 2 3 243
37 0 6 57
38 4 3 565
39 2 0 359
40 4 6 415
41 2 4 292
42 3 4 415
43 2 3 301
44 0 6 581
45 4 2 583
46 5 1 598
47 6 2 95
48 4 2 317
49 0 4 385

0.00 44.63 27.15 37.45 31.55 28.12 37.67
35.11 0.00 19.77 9.32 5.40 13.24 9.52
22.10 5.18 0.00 25.27 6.58 11.19 7.15
31.25 11.73 10.36 0.00 8.65 10.23 6.57
25.43 7.12 10.25 8.09 0.00 11.78 9.27
34.28 18.02 11.98 9.46 9.88 0.00 8.91
20.15 7.72 7.23 9.72 5.81 11.33 0.00

0.00 44.63 38.44 37.45 37.91 41.02 36.51
35.11 0.00 19.77 9.32 6.43 13.24 9.52
25.01 5.18 0.00 19.41 6.58 14.78 7.38
31.25 11.73 10.04 0.00 9.19 10.56 6.97
29.65 7.12 10.27 7.38 0.00 14.21 7.91
34.67 18.02 11.98 9.46 9.88 0.00 9.24
23.84 7.90 7.23 9.72 5.84 12.63 0.00

0.00 45.58 42.20 38.00 44.35 44.11 43.10
35.10 0.00 19.77 9.32 7.49 13.24 9.52
30.67 5.18 0.00 13.55 6.57 15.52 9.49
31.40 11.64 9.85 0.00 8.75 12.09 7.41
34.40 7.21 10.27 9.33 0.00 13.53 8.54
40.44 18.02 12.33 9.78 11.85 0.00 13.25
28.60 9.52 7.52 9.98 6.56 12.84 0.00

0.00 51.49 49.17 41.34 50.80 49.21 47.81
36.03 0.00 19.77 9.32 8.29 13.24 15.01
36.60 5.18 0.00 9.51 6.97 16.45 8.40
32.05 11.25 9.31 0.00 9.41 11.79 9.01
41.15 7.42 8.63 8.24 0.00 12.34 7.50
51.17 18.02 14.41 10.68 18.04 0.00 15.37
35.82 8.97 9.26 9.85 8.60 12.42 0.00

0.00 56.32 53.07 50.60 57.29 56.49 52.51
39.79 0.00 19.90 9.32 7.91 13.63 22.32
39.24 5.18 0.00 11.25 8.83 14.95 8.95
32.05 11.31 9.61 0.00 10.87 11.69 10.34
46.31 7.29 6.45 8.93 0.00 11.76 7.68
58.08 18.02 17.86 10.98 11.43 0.00 13.11
40.07 9.52 9.26 7.52 8.95 12.43 0.00

0.00 55.75 56.33 56.50 59.68 57.29 55.46
43.13 0.00 20.31 9.36 7.54 14.79 9.40
43.09 5.18 0.00 11.11 8.87 15.89 9.36
32.05 12.47 10.80 0.00 11.67 11.26 8.60
47.16 7.76 7.00 9.13 0.00 12.55 9.15
55.97 18.02 18.75 13.91 12.51 0.00 12.65
43.61 8.58 8.63 10.90 8.54 13.96 0.00

0.00 57.34 58.18 48.04 61.00 58.91 57.12
43.05 0.00 20.71 11.39 7.17 15.62 9.18
41.24 5.18 0.00 9.82 7.67 15.96 9.40
32.05 12.44 11.67 0.00 12.20 11.76 8.06
44.34 7.39 8.16 8.74 0.00 13.44 9.66
49.81 19.13 16.71 14.51 11.83 0.00 15.19
43.25 8.12 9.52 9.03 7.98 9.84 0.00

0.00 58.33 58.96 50.55 60.82 59.57 58.07
39.66 0.00 21.12 15.33 7.44 16.12 8.96
39.28 5.18 0.00 11.67 11.46 13.59 10.05
32.05 21.01 12.09 0.00 9.86 13.46 6.63
42.64 7.76 9.39 8.05 0.00 12.46 7.86
47.34 19.53 18.75 13.74 18.06 0.00 17.23
39.71 9.46 10.14 7.17 8.32 8.51 0.00

0.00 60.68 57.51 60.09 60.96 60.92 57.66
38.42 0.00 21.52 16.31 7.54 16.61 11.74
38.62 5.18 0.00 9.09 11.97 15.14 9.72
32.05 26.56 12.40 0.00 8.80 13.72 8.32
39.09 9.48 7.93 13.93 0.00 13.19 8.15
44.67 18.63 20.80 14.24 19.26 0.00 13.39
35.25 10.24 8.96 9.76 9.11 9.18 0.00

0.00 57.20 56.60 51.52 59.14 62.75 54.78
38.42 0.00 21.62 15.80 7.90 17.11 16.02
47.28 5.18 0.00 9.93 12.27 16.17 9.42
32.05 26.56 8.38 0.00 10.25 12.84 8.64
31.42 7.58 8.79 10.64 0.00 15.74 9.93
41.09 18.07 21.52 14.71 13.67 0.00 15.05
30.04 11.03 9.38 6.04 8.87 11.94 0.00

0.00 52.44 50.34 48.97 52.59 53.25 44.35
38.42 0.00 21.62 15.30 8.00 17.60 16.73
49.16 5.18 0.00 10.55 8.50 15.56 11.78
32.05 26.56 11.32 0.00 9.68 12.64 8.28
29.93 7.03 7.79 8.79 0.00 13.92 7.77
40.49 18.00 23.27 14.71 15.12 0.00 15.71
29.17 11.16 8.84 8.19 11.29 13.39 0.00

0.00 48.00 44.95 48.97 48.67 39.86 41.79
38.42 0.00 21.62 14.79 8.00 17.64 16.73
49.16 5.18 0.00 10.56 9.86 15.49 13.75
32.05 26.56 11.70 0.00 16.54 12.09 5.72
29.93 7.03 7.02 8.04 0.00 13.68 8.62
40.49 18.00 23.44 14.71 27.00 0.00 15.71
29.17 11.16 8.77 11.95 7.14 13.47 0.00

