200 13 7
0 0 2
1 0 5
2 1 5
3 2 0
4 2 1
5 2 2
6 2 3
7 2 4
8 2 5
9 2 5
10 3 0
11 3 2
12 3 5
13 3 5
14 3 6
15 4 0
16 4 3
17 5 0
18 5 2
19 5 3
20 5 5
21 6 1
22 6 2
23 6 3
24 6 4
25 6 5
26 0 2
27 0 3
28 0 5
29 1 0
30 1 2
31 1 5
32 2 0
33 2 1
34 2 2
35 2 3
36 2 4
37 2 5
38 2 5
39 2 5
40 3 0
41 3 2
42 3 3
43 3 5
44 3 5
45 3 6
46 4 3
47 4 5
48 5 0
49 5 2
50 5 3
51 5 5
52 5 5
53 5 5
54 6 0
55 6 1
56 6 2
57 6 3
58 6 4
59 6 5
60 6 6
61 0 2
62 0 3
63 0 5
64 1 2
65 1 5
66 1 6
67 2 0
68 2 1
69 2 2
70 2 3
71 2 4
72 2 5
73 3 0
74 3 2
75 3 3
76 3 4
77 3 5
78 3 6
79 4 0
80 4 3
81 4 5
82 4 6
83 5 0
84 5 2
85 5 3
86 5 5
87 5 6
88 6 1
89 6 2
90 6 3
91 6 4
92 6 5
93 6 6
94 0 0
95 0 1
96 0 2
97 0 3
98 0 5
99 1 5
100 2 1
101 2 2
102 2 3
103 2 4
104 2 5
105 2 6
106 3 0
107 3 1
108 3 2
109 3 3
110 3 4
111 3 5
112 3 6
113 4 2
114 4 3
115 4 4
116 4 5
117 5 0
118 5 1
119 5 2
120 5 3
121 5 5
122 5 6
123 6 0
124 6 2
125 6 3
126 6 4
127 6 5
128 6 6
129 0 2
130 0 3
131 0 4
132 0 5
133 1 3
134 1 4
135 1 5
136 2 0
137 2 1
138 2 3
139 2 4
140 2 5
141 2 6
142 3 0
143 3 1
144 3 2
145 3 3
146 3 4
147 3 5
148 3 6
149 4 0
150 4 2
151 4 3
152 4 4
153 4 5
154 4 6
155 5 0
156 5 1
157 5 2
158 5 3
159 5 5
160 5 5
161 5 6
162 6 0
163 6 2
164 6 3
165 6 4
166 6 5
167 6 6
168 0 2
169 0 3
170 0 4
171 0 5
172 1 0
173 1 1
174 1 2
175 1 4
176 1 5
177 1 6
178 2 0
179 2 1
180 2 3
181 2 4
182 3 0
183 3 1
184 3 2
185 3 3
186 3 5
187 3 6
188 4 3
189 4 4
190 4 5
191 4 6
192 5 0
193 5 1
194 5 2
195 5 3
196 5 4
197 5 5
198 5 5
199 5 6
# Time slot 0: 08:00
0.0 1303.4 768.2 1303.4 1303.4 631.2 1303.4
1303.4 0.0 1303.4 1303.4 1303.4 479.9 1303.4
671.3 520.4 0.0 480.0 857.6 303.7 1336.1
397.3 1336.1 457.1 0.0 1336.1 321.9 2507.1
820.1 1336.1 1336.1 650.7 0.0 1336.1 1336.1
604.5 1336.1 339.5 416.0 1336.1 0.0 1363.5
1363.5 3679.5 3813.7 4172.2 4100.6 3794.6 0.0
# Time slot 1: 09:00
0.0 1148.7 869.2 422.0 1148.7 683.6 1148.7
297.7 0.0 786.7 1148.7 1148.7 555.0 1148.7
843.1 656.2 0.0 579.1 699.7 364.4 1173.8
393.4 1173.8 655.9 0.0 1199.9 370.8 2662.5
1199.9 1199.9 1199.9 699.8 0.0 821.2 1199.9
641.2 1199.9 325.4 451.1 1199.9 0.0 1221.4
3410.9 2836.2 3328.3 3355.4 3093.8 3136.3 0.0
# Time slot 2: 10:00
0.0 1058.2 703.3 407.7 1058.2 602.1 1058.2
1058.2 0.0 802.1 1058.2 1058.2 501.9 1581.4
857.8 3362.1 0.0 612.4 710.1 382.7 1078.1
408.6 1078.1 571.9 0.0 716.1 468.2 1756.2
859.1 1100.9 1100.9 663.5 0.0 609.7 1998.7
642.6 1100.9 321.5 409.5 1100.9 0.0 1550.9
1119.8 2371.5 2350.9 2522.9 2616.0 2495.9 0.0
# Time slot 3: 11:00
0.0 326.4 664.9 370.9 773.3 537.6 773.3
773.3 0.0 773.3 773.3 773.3 422.5 773.3
773.3 681.3 0.0 504.4 742.3 342.8 1626.8
333.4 375.4 630.5 0.0 646.3 380.6 1740.2
802.0 802.0 617.9 476.0 0.0 541.6 805.4
566.9 561.0 303.5 370.7 805.4 0.0 1679.4
2129.9 818.4 1521.0 1948.6 1709.7 1689.6 0.0
# Time slot 4: 12:00
0.0 925.6 754.5 425.3 792.8 570.0 925.6
925.6 0.0 925.6 282.0 749.3 452.0 925.6
653.1 578.6 0.0 507.9 792.9 364.2 1656.2
386.1 286.3 428.8 0.0 546.0 363.1 1955.7
771.1 943.5 862.6 499.0 0.0 645.9 1912.9
569.1 413.2 330.6 377.3 952.6 0.0 1646.0
2368.3 966.3 1831.5 1950.6 2225.6 1840.4 0.0
# Time slot 5: 13:00
0.0 831.9 687.2 375.7 848.4 637.7 831.9
300.9 0.0 616.2 849.8 809.8 451.2 1731.6
675.3 620.2 0.0 548.2 761.0 849.8 849.8
369.6 292.7 498.8 0.0 865.4 384.2 1918.4
865.4 865.4 865.4 493.6 0.0 906.5 1979.3
584.6 487.1 293.0 373.4 625.6 0.0 1752.4
2179.3 892.5 1779.7 2244.8 892.5 2021.4 0.0
# Time slot 6: 14:00
0.0 820.0 651.5 373.7 746.6 581.3 820.0
820.0 0.0 586.8 274.0 820.0 420.9 820.0
639.9 605.4 0.0 487.7 700.0 333.1 820.0
387.6 285.6 489.6 0.0 685.6 369.1 2355.1
820.0 820.0 619.6 820.0 0.0 586.0 820.0
519.7 398.1 266.5 374.3 820.0 0.0 1946.9
832.8 2049.5 832.8 2287.8 2467.2 2093.2 0.0
# Time slot 7: 15:00
0.0 339.8 696.0 355.4 750.4 571.1 2440.3
900.1 0.0 605.5 321.7 919.9 433.5 2380.5
654.6 565.6 0.0 456.8 751.9 362.3 919.9
386.1 340.2 441.1 0.0 632.6 357.2 2451.8
933.3 933.3 757.6 606.0 0.0 599.0 933.3
523.5 523.5 247.1 335.3 933.3 0.0 2371.1
949.9 2320.3 949.9 2232.8 2770.1 2324.4 0.0
# Time slot 8: 16:00
0.0 272.6 757.2 476.8 1084.1 590.0 3545.3
1129.1 0.0 594.6 307.8 1129.1 506.7 1129.1
1129.1 743.0 0.0 538.1 745.0 1129.1 1129.1
359.0 360.5 455.4 0.0 618.1 367.6 2988.4
1147.8 873.7 690.3 645.1 0.0 599.6 3188.3
550.5 437.5 251.4 357.6 623.4 0.0 2778.6
1169.5 2978.9 1169.5 2922.5 2837.9 2928.7 0.0
# Time slot 9: 17:00
0.0 336.2 798.7 401.0 883.4 707.4 900.2
900.2 0.0 727.8 361.5 912.4 586.7 912.4
883.2 699.6 0.0 568.5 622.4 385.5 912.4
369.8 309.0 478.9 0.0 608.8 444.9 3342.9
930.2 930.2 930.2 967.2 0.0 727.2 950.9
593.4 502.1 295.6 366.7 650.6 0.0 966.8
966.8 2999.2 2747.3 3275.4 966.8 3200.0 0.0
# Time slot 10: 18:00
0.0 902.5 859.6 902.5 926.1 816.0 902.5
389.5 0.0 891.7 282.1 925.8 925.8 925.8
925.8 925.8 0.0 652.2 710.7 427.2 925.8
459.2 372.0 491.5 0.0 633.2 514.2 945.6
945.6 945.6 945.6 627.6 0.0 605.1 962.1
739.1 605.0 321.6 425.2 640.1 0.0 2782.1
976.7 2804.6 976.7 3201.1 2742.9 2722.9 0.0
# Time slot 11: 19:00
0.0 896.7 710.2 896.7 896.7 896.7 896.7
896.7 0.0 896.7 347.3 739.8 530.5 896.7
896.7 896.7 0.0 481.3 735.3 372.5 919.8
919.8 919.8 467.5 0.0 943.1 390.3 943.1
943.1 943.1 943.1 943.1 0.0 943.1 943.1
943.1 527.5 243.6 380.2 656.9 0.0 960.0
2443.3 2315.9 960.0 2564.6 2718.8 2071.6 0.0
# Time slot 12: 20:00
0.0 831.6 831.6 831.6 831.6 831.6 831.6
831.6 0.0 831.6 303.3 831.6 831.6 831.6
831.6 831.6 0.0 464.6 857.5 857.5 2894.5
857.5 382.6 404.5 0.0 880.7 880.7 880.7
880.7 880.7 880.7 880.7 0.0 904.1 904.1
904.1 904.1 904.1 344.3 550.6 0.0 921.7
921.7 1935.7 921.7 2072.6 921.7 1983.1 0.0
