50 12 7

0 6 2 354
1 6 4 109
2 4 6 82
3 1 6 547
4 5 6 242
5 4 6 211
6 4 5 449
7 5 0 466
8 0 5 497
9 0 4 296
10 6 4 468
11 5 4 406
12 6 4 514
13 2 6 558
14 6 1 494
15 4 6 331
16 0 1 583
17 2 5 344
18 1 6 168
19 1 4 516
20 5 1 433
21 1 5 356
22 6 4 157
23 1 3 303
24 0 4 533
25 3 2 466
26 1 5 430
27 4 2 364
28 4 1 98
29 1 3 263
30 4 1 428
31 2 4 76
32 6 4 157
33 1 3 90
34 3 5 193
35 0 6 154
36 1 4 138
37 4 6 495
38 3 2 538
39 5 0 112
40 3 5 269
41 4 2 111
42 3 6 325
43 3 1 318
44 0 4 533
45 0 3 587
46 0 4 71
47 0 6 441
48 3 4 412
49 0 1 146

0.00 45.81 39.07 37.30 48.28 52.24 45.20
26.94 0.00 5.20 11.43 7.50 15.00 9.65
26.72 8.02 0.00 8.69 75.92 19.44 7.64
34.15 11.43 9.80 0.00 8.60 10.27 6.69
30.77 5.88 6.88 9.11 0.00 10.16 7.23
34.10 12.75 14.83 10.71 10.89 0.00 10.88
26.74 9.71 8.58 9.72 6.67 11.28 0.00

0.00 44.65 41.95 37.86 44.06 51.92 43.71
28.45 0.00 5.20 11.13 7.48 14.73 8.89
25.85 8.02 0.00 9.26 6.34 18.79 7.78
34.15 11.81 10.21 0.00 8.62 12.30 12.64
29.15 7.38 7.72 8.99 0.00 13.41 8.58
34.37 17.10 14.83 10.71 12.06 0.00 10.99
26.78 9.71 6.94 9.69 8.42 11.28 0.00

0.00 48.70 45.66 44.12 49.41 49.46 49.56
31.15 0.00 5.20 13.21 7.54 12.27 11.40
28.48 8.02 0.00 10.15 6.44 12.40 8.31
34.15 12.87 10.06 0.00 9.12 15.40 9.07
33.96 8.90 7.10 12.59 0.00 13.73 8.62
37.32 11.31 14.71 10.71 13.69 0.00 12.14
33.23 11.00 7.73 9.66 13.01 11.44 0.00

0.00 51.06 51.90 48.78 55.01 54.90 53.57
35.95 0.00 5.37 12.63 8.72 13.00 9.39
35.20 7.58 0.00 10.40 7.07 13.79 8.89
32.47 13.95 12.15 0.00 9.48 16.80 8.92
37.85 7.62 9.98 9.82 0.00 13.40 10.88
38.72 14.20 14.86 11.07 15.61 0.00 12.06
35.39 9.87 7.72 10.34 9.82 12.22 0.00

0.00 56.85 55.64 52.16 59.39 63.41 56.44
46.61 0.00 5.72 12.05 8.84 13.73 12.80
42.97 7.04 0.00 10.42 8.23 16.38 9.82
36.81 13.61 11.27 0.00 9.94 13.52 10.58
42.86 8.63 8.80 8.85 0.00 15.24 10.17
40.12 14.31 17.65 12.50 13.41 0.00 12.55
42.54 11.00 8.58 8.12 13.56 12.10 0.00

0.00 66.22 60.93 55.53 63.88 66.36 59.15
54.27 0.00 5.42 11.95 8.59 16.04 14.60
49.05 8.87 0.00 11.21 9.31 16.76 9.45
52.97 13.80 12.35 0.00 10.35 14.84 9.35
52.80 8.74 6.62 9.25 0.00 15.47 8.65
47.19 15.24 18.95 14.31 15.22 0.00 14.42
48.92 10.89 9.66 8.02 8.82 11.25 0.00

0.00 65.40 64.78 61.84 66.82 67.90 63.62
62.23 0.00 6.87 12.99 9.54 18.34 11.92
58.63 9.87 0.00 11.29 8.05 15.75 10.02
54.05 16.13 12.78 0.00 11.53 15.16 9.37
60.22 8.69 7.35 9.90 0.00 14.68 11.84
62.20 16.18 17.75 15.30 18.77 0.00 13.66
57.26 11.68 9.77 7.78 8.96 13.48 0.00

0.00 67.29 69.07 64.56 69.01 72.73 66.03
64.97 0.00 9.97 15.11 10.25 18.89 12.81
57.78 10.03 0.00 11.85 7.92 18.33 10.87
58.50 16.64 12.12 0.00 11.25 12.50 11.67
61.83 8.06 7.98 10.54 0.00 11.65 11.81
72.26 17.63 19.94 15.24 20.14 0.00 14.75
58.81 12.13 13.14 6.91 9.09 13.49 0.00

0.00 67.69 65.96 59.68 69.12 68.38 63.93
63.81 0.00 12.99 14.91 10.47 14.33 13.99
53.33 10.19 0.00 11.99 9.50 17.86 11.19
60.94 16.18 12.18 0.00 10.85 14.18 9.07
53.29 8.09 10.63 10.69 0.00 11.99 8.97
56.54 19.45 27.20 17.14 15.37 0.00 17.36
54.83 13.23 12.32 6.70 8.96 14.82 0.00

0.00 59.07 59.94 35.70 63.31 63.81 55.08
63.81 0.00 13.75 14.27 8.60 15.86 11.19
35.99 6.74 0.00 13.82 8.57 15.18 9.71
60.94 15.63 11.10 0.00 11.09 13.14 13.35
48.10 11.31 8.46 9.89 0.00 11.90 10.70
29.70 19.90 18.42 14.27 12.89 0.00 16.27
48.97 15.90 9.85 9.55 9.66 12.21 0.00

0.00 51.63 47.41 51.73 48.03 48.32 43.62
63.81 0.00 13.75 13.16 10.16 16.57 10.59
32.29 6.91 0.00 12.86 10.42 12.87 9.96
60.94 15.58 11.98 0.00 11.14 13.09 12.78
34.56 9.48 16.22 9.61 0.00 15.07 8.77
25.23 19.90 18.22 13.68 14.54 0.00 13.84
48.02 11.57 17.57 10.21 9.27 12.77 0.00

0.00 38.28 35.91 34.87 36.54 37.68 32.69
63.81 0.00 13.75 13.61 7.62 16.57 10.69
32.29 7.00 0.00 10.24 6.98 18.25 12.99
60.94 15.58 12.10 0.00 11.15 13.14 12.60
33.24 9.22 13.27 9.29 0.00 13.45 8.12
25.23 19.90 18.45 13.92 16.75 0.00 13.63
48.02 11.08 9.16 10.21 9.20 11.74 0.00

