200 12 7

0 1 3 114
1 4 0 159
2 6 4 290
3 6 3 128
4 3 4 182
5 3 4 301
6 2 4 85
7 2 3 148
8 2 3 85
9 4 5 262
10 3 0 434
11 3 4 466
12 5 3 567
13 3 6 237
14 3 4 278
15 2 3 570
16 0 2 136
17 6 0 125
18 4 0 417
19 1 0 101
20 0 4 52
21 1 4 146
22 0 2 199
23 4 0 421
24 1 4 532
25 1 0 566
26 2 4 449
27 3 2 345
28 6 5 151
29 0 2 275
30 2 6 208
31 0 2 157
32 4 5 254
33 3 0 496
34 3 1 274
35 2 0 418
36 1 0 437
37 1 6 292
38 6 4 226
39 6 1 284
40 2 6 393
41 2 0 372
42 5 2 466
43 6 4 430
44 3 6 381
45 3 2 509
46 4 3 458
47 3 6 107
48 2 0 495
49 3 1 394
50 5 3 489
51 5 0 532
52 3 5 296
53 1 6 555
54 3 6 283
55 6 0 116
56 4 3 226
57 6 0 113
58 1 6 194
59 0 5 12
60 5 2 551
61 1 6 526
62 6 3 100
63 4 6 395
64 4 3 600
65 0 5 282
66 5 4 331
67 6 3 289
68 3 6 470
69 5 6 298
70 1 3 158
71 5 1 476
72 4 2 233
73 0 5 479
74 1 6 451
75 0 2 424
76 2 6 441
77 6 4 381
78 4 6 174
79 0 6 429
80 4 6 514
81 0 5 369
82 6 2 265
83 4 6 367
84 4 1 323
85 1 5 246
86 0 6 271
87 0 2 148
88 5 4 194
89 4 6 222
90 4 2 166
91 3 4 502
92 4 6 291
93 4 0 598
94 4 3 100
95 1 3 481
96 3 0 382
97 3 2 206
98 6 4 548
99 6 1 440
100 0 5 71
101 6 2 191
102 4 6 545
103 3 2 585
104 4 2 260
105 2 6 524
106 4 2 587
107 3 6 130
108 0 5 201
109 3 1 355
110 2 6 551
111 3 5 176
112 0 6 137
113 6 1 454
114 1 4 285
115 2 6 434
116 2 4 583
117 1 6 299
118 1 3 403
119 4 2 576
120 0 2 312
121 6 2 87
122 2 3 549
123 6 4 336
124 1 4 502
125 6 5 564
126 6 1 433
127 6 4 92
128 5 4 593
129 5 1 326
130 4 2 137
131 0 2 108
132 2 6 553
133 6 2 270
134 1 0 131
135 1 4 238
136 3 6 441
137 3 1 303
138 3 5 577
139 5 2 600
140 4 6 271
141 4 5 253
142 0 4 156
143 2 4 525
144 2 3 436
145 3 2 484
146 0 1 392
147 2 6 284
148 0 6 245
149 4 0 523
150 4 0 237
151 2 3 395
152 2 4 93
153 3 5 206
154 6 4 446
155 5 6 466
156 3 4 325
157 3 6 574
158 6 3 308
159 0 2 386
160 3 4 236
161 2 6 375
162 0 5 336
163 0 4 298
164 5 6 332
165 1 3 300
166 0 2 36
167 3 1 228
168 1 6 120
169 0 5 590
170 2 0 283
171 5 4 433
172 6 4 103
173 4 3 575
174 4 6 485
175 5 3 329
176 3 1 223
177 0 5 419
178 1 5 234
179 2 3 405
180 0 6 221
181 0 4 18
182 4 5 502
183 4 1 576
184 6 3 445
185 0 4 360
186 5 0 425
187 6 1 484
188 3 1 210
189 6 2 219
190 4 1 176
191 6 3 97
192 0 2 489
193 3 6 161
194 5 2 75
195 6 1 298
196 0 1 350
197 1 0 323
198 0 6 135
199 6 3 163

0.00 69.55 72.26 59.28 76.78 74.63 73.54
58.38 0.00 5.18 14.67 7.30 13.44 11.09
42.67 5.55 0.00 11.32 7.52 16.91 8.86
30.54 11.48 11.45 0.00 8.35 10.12 6.63
45.15 6.33 6.00 8.67 0.00 10.48 7.57
66.20 16.02 17.77 16.74 10.17 0.00 11.23
44.05 10.25 11.41 7.86 9.09 12.65 0.00

0.00 60.27 59.72 55.80 61.89 61.72 59.05
28.55 0.00 5.18 12.69 7.46 13.44 10.06
34.19 5.55 0.00 10.69 7.50 24.07 8.61
30.27 13.25 10.78 0.00 8.64 11.21 7.09
37.08 7.79 7.02 9.25 0.00 12.83 7.69
46.55 11.94 17.77 13.30 9.68 0.00 10.00
41.98 9.98 9.08 8.06 8.71 14.30 0.00

0.00 57.89 52.02 58.44 55.25 59.88 51.65
33.30 0.00 5.32 12.12 10.77 13.36 12.00
29.14 5.55 0.00 11.86 5.83 16.29 7.94
28.65 12.52 10.59 0.00 8.76 15.88 7.09
32.58 7.86 6.49 10.15 0.00 11.17 8.09
39.42 14.35 17.23 11.20 11.91 0.00 10.11
29.47 9.72 7.88 8.54 7.44 14.66 0.00

0.00 47.80 46.68 45.13 48.96 51.47 46.55
37.12 0.00 5.93 11.89 8.06 13.33 10.36
33.45 5.55 0.00 10.46 7.23 13.21 7.90
35.19 12.97 9.98 0.00 9.42 14.95 7.21
36.04 8.45 6.38 9.49 0.00 10.61 7.66
44.83 14.56 14.32 14.40 10.27 0.00 12.16
33.97 8.95 7.51 11.88 7.17 9.99 0.00

0.00 44.47 43.24 43.48 46.32 46.98 45.15
39.74 0.00 6.01 11.74 7.88 13.89 10.24
40.69 5.47 0.00 9.68 7.63 14.48 8.32
40.79 12.15 10.42 0.00 9.58 13.93 7.87
44.97 9.12 7.20 9.20 0.00 9.57 7.93
50.52 13.85 14.36 15.60 11.71 0.00 11.60
39.60 10.32 7.70 12.73 7.70 10.28 0.00

0.00 45.00 43.33 43.23 46.05 47.12 45.34
48.46 0.00 5.85 11.73 8.04 12.98 10.66
48.62 7.79 0.00 9.02 7.66 15.48 8.04
45.91 12.79 11.58 0.00 10.11 13.80 13.34
52.23 8.11 6.42 8.01 0.00 10.35 7.45
62.13 14.94 16.56 21.20 11.91 0.00 12.11
47.67 10.60 8.96 6.94 8.18 11.52 0.00

0.00 47.96 47.58 46.43 49.58 53.53 47.85
62.85 0.00 5.36 12.67 8.93 13.61 11.31
55.73 10.08 0.00 10.14 12.22 16.11 8.75
54.23 12.91 12.18 0.00 9.15 13.38 12.74
60.12 7.01 7.83 8.25 0.00 11.18 7.74
71.02 15.39 14.61 18.67 10.36 0.00 11.90
57.99 9.99 9.21 7.73 8.30 10.92 0.00

0.00 54.86 54.22 49.77 55.30 59.96 52.86
69.63 0.00 5.84 14.51 9.49 14.73 11.80
62.36 8.69 0.00 11.66 10.01 15.72 10.42
64.20 28.37 12.52 0.00 9.26 12.97 7.31
64.12 7.30 8.32 8.35 0.00 10.44 8.23
73.49 15.75 14.86 14.22 11.61 0.00 16.10
63.20 10.73 9.38 7.80 8.29 12.55 0.00

0.00 60.23 59.58 55.34 60.13 65.44 58.76
72.83 0.00 6.51 16.31 10.22 16.10 14.20
62.34 8.23 0.00 14.34 7.03 14.61 11.93
59.25 22.59 14.12 0.00 12.56 13.24 7.55
60.55 9.86 9.64 9.60 0.00 10.53 9.00
59.56 16.05 17.65 14.20 14.91 0.00 16.03
63.65 12.01 11.88 7.98 8.54 13.83 0.00

0.00 57.62 55.37 50.71 58.75 56.98 57.13
74.00 0.00 6.93 13.63 9.93 15.68 12.31
51.18 8.23 0.00 11.99 20.40 13.94 10.49
50.36 14.73 12.94 0.00 11.12 11.99 9.14
54.54 9.59 8.26 9.46 0.00 10.85 9.50
59.47 16.35 17.35 14.19 14.50 0.00 13.57
60.55 13.89 11.43 8.36 8.42 13.30 0.00

0.00 44.84 44.35 37.28 45.67 50.55 44.49
74.00 0.00 7.00 13.18 8.29 15.13 11.19
58.08 8.23 0.00 10.89 7.44 9.94 9.40
49.08 14.22 11.22 0.00 9.77 10.16 7.14
52.14 9.03 6.57 6.92 0.00 10.49 10.37
46.45 16.64 17.13 14.19 12.86 0.00 14.15
42.62 11.07 7.86 9.68 8.52 11.79 0.00

0.00 38.59 37.46 33.82 39.27 41.45 37.20
74.00 0.00 7.00 13.21 6.47 14.72 10.56
59.00 8.23 0.00 10.53 6.18 13.57 7.62
49.08 14.22 9.63 0.00 9.10 11.30 8.37
52.00 8.54 7.58 7.80 0.00 11.65 9.08
45.05 16.67 17.13 14.19 11.21 0.00 14.24
40.90 10.76 8.09 6.37 7.54 11.49 0.00

