200 12 7

0 2 5 343
1 3 1 547
2 6 4 49
3 2 0 478
4 5 2 445
5 1 4 499
6 3 5 200
7 3 0 451
8 3 1 242
9 4 5 382
10 0 1 480
11 0 1 521
12 6 5 393
13 6 2 187
14 1 6 422
15 3 0 349
16 3 2 156
17 1 5 28
18 4 2 259
19 2 6 450
20 2 5 426
21 3 5 68
22 1 5 551
23 6 4 121
24 6 2 385
25 6 4 477
26 6 5 507
27 5 1 57
28 0 5 248
29 0 3 364
30 6 1 562
31 0 1 57
32 0 2 167
33 5 3 407
34 0 5 501
35 5 0 186
36 6 3 488
37 2 0 39
38 5 3 292
39 6 2 109
40 5 2 246
41 3 1 40
42 1 0 596
43 0 4 179
44 6 4 126
45 1 3 577
46 1 3 184
47 0 2 455
48 6 0 126
49 5 4 541
50 1 3 62
51 3 1 100
52 3 2 442
53 0 5 266
54 2 4 476
55 0 2 501
56 4 5 403
57 3 2 436
58 2 0 546
59 6 5 225
60 0 3 129
61 3 0 86
62 5 1 405
63 6 1 475
64 5 4 22
65 6 2 475
66 0 1 432
67 2 6 475
68 0 1 178
69 0 4 246
70 5 0 551
71 4 0 219
72 6 1 414
73 2 6 357
74 0 3 422
75 2 3 556
76 3 1 156
77 4 5 70
78 6 0 268
79 4 5 479
80 2 0 527
81 1 3 303
82 1 5 376
83 0 5 72
84 3 2 47
85 4 6 454
86 3 0 58
87 0 4 393
88 4 3 279
89 3 1 90
90 2 0 154
91 6 4 203
92 0 6 323
93 3 5 515
94 3 5 576
95 0 3 25
96 5 0 27
97 1 3 398
98 6 5 591
99 4 0 580
100 1 6 300
101 1 0 81
102 0 3 259
103 6 0 471
104 3 2 222
105 1 3 26
106 6 4 182
107 2 0 501
108 3 4 513
109 5 3 484
110 6 4 522
111 3 5 430
112 1 5 248
113 3 4 548
114 5 2 481
115 4 1 442
116 5 0 394
117 2 6 134
118 2 3 335
119 6 0 112
120 2 0 202
121 3 2 401
122 2 0 24
123 1 5 337
124 2 0 83
125 1 0 388
126 0 1 584
127 3 2 395
128 3 2 555
129 6 2 240
130 6 1 314
131 2 3 32
132 6 1 39
133 0 3 182
134 1 3 321
135 5 6 262
136 5 1 182
137 6 3 89
138 4 5 333
139 4 3 283
140 2 3 377
141 3 2 451
142 1 0 459
143 5 2 78
144 6 0 387
145 2 1 295
146 6 4 60
147 6 0 169
148 2 0 130
149 5 1 550
150 5 2 476
151 5 4 203
152 4 5 570
153 5 3 17
154 5 1 487
155 3 0 511
156 1 0 489
157 3 1 301
158 2 3 569
159 0 5 391
160 6 5 418
161 3 1 111
162 4 2 382
163 6 4 492
164 6 2 485
165 6 2 70
166 6 0 285
167 5 3 561
168 3 0 269
169 1 0 335
170 3 0 67
171 3 6 407
172 2 3 41
173 6 2 590
174 0 5 141
175 0 5 227
176 2 3 562
177 3 2 453
178 2 4 59
179 2 0 367
180 1 5 296
181 1 0 242
182 5 0 122
183 2 3 528
184 1 4 468
185 5 3 17
186 4 1 308
187 5 0 402
188 2 5 176
189 0 6 358
190 2 4 137
191 4 0 411
192 1 5 368
193 2 3 26
194 1 2 145
195 6 0 74
196 4 0 485
197 5 3 232
198 1 0 334
199 5 4 162

0.00 6.87 6.48 8.86 9.33 7.08 32.61
9.41 0.00 7.41 10.48 13.26 9.15 32.66
5.67 5.42 0.00 9.57 13.18 7.10 31.84
8.81 12.15 12.79 0.00 12.49 6.73 28.84
8.73 13.86 11.93 11.27 0.00 9.24 38.57
6.73 9.49 6.02 7.91 8.93 0.00 31.95
61.59 54.58 64.53 59.31 62.64 46.09 0.00

0.00 6.70 6.54 8.24 9.33 6.98 30.43
6.58 0.00 7.41 10.43 13.26 8.47 27.90
11.42 5.68 0.00 9.13 13.18 8.03 27.39
11.32 11.36 10.95 0.00 11.58 7.07 28.84
8.56 11.54 11.93 11.49 0.00 8.18 36.25
6.73 8.47 9.45 6.05 9.13 0.00 28.11
47.83 51.98 45.05 54.54 28.17 46.24 0.00

0.00 6.77 6.94 7.52 9.13 7.80 29.70
7.08 0.00 7.29 10.08 12.88 8.77 34.69
6.34 5.95 0.00 8.50 13.34 7.29 30.06
14.03 12.04 10.84 0.00 10.40 7.76 29.44
8.73 10.10 12.05 11.72 0.00 9.39 38.38
7.54 9.50 8.56 9.78 10.89 0.00 30.40
46.21 46.43 47.74 49.78 49.46 42.09 0.00

0.00 6.53 6.37 8.46 8.84 6.45 35.05
7.93 0.00 6.92 11.09 11.31 9.42 41.49
6.84 6.22 0.00 8.09 14.48 8.45 34.89
9.68 13.19 10.64 0.00 12.65 8.23 33.00
7.56 13.11 12.83 11.94 0.00 10.72 40.50
6.74 10.69 11.92 9.49 10.29 0.00 34.81
50.62 49.27 47.17 47.74 47.58 45.71 0.00

0.00 6.87 6.72 8.18 10.19 6.87 40.69
8.61 0.00 6.90 12.10 12.54 10.04 48.20
8.24 6.49 0.00 10.20 14.36 9.16 36.59
9.40 11.76 12.45 0.00 12.90 7.35 36.57
8.35 14.15 13.06 12.17 0.00 10.05 43.98
6.80 10.75 9.19 10.27 11.95 0.00 38.98
54.07 50.56 52.82 53.71 52.79 48.80 0.00

0.00 7.22 7.97 7.88 10.69 7.53 48.01
8.70 0.00 6.57 12.52 13.87 9.71 51.92
7.34 6.75 0.00 9.82 12.41 8.85 46.54
9.42 13.19 13.02 0.00 10.37 7.93 38.65
9.71 14.69 13.31 12.62 0.00 10.79 50.31
7.52 10.45 8.88 7.87 11.59 0.00 43.24
57.22 52.74 54.97 59.33 60.09 52.75 0.00

0.00 8.15 7.82 8.46 11.25 7.56 58.59
9.08 0.00 7.29 12.33 13.47 11.06 56.00
6.95 7.02 0.00 9.57 12.84 9.44 55.54
10.12 13.38 12.08 0.00 13.87 9.76 38.65
10.76 15.24 14.81 12.98 0.00 11.72 56.82
8.05 10.35 9.60 7.28 10.98 0.00 50.34
64.24 60.98 61.72 58.21 64.25 58.01 0.00

0.00 8.95 7.27 9.80 10.82 7.53 65.00
9.41 0.00 6.90 12.78 15.55 12.13 59.50
7.47 8.58 0.00 9.93 13.47 9.33 59.74
10.12 16.55 12.19 0.00 14.63 9.74 38.65
11.77 15.78 16.01 12.93 0.00 13.59 73.57
8.80 11.50 9.99 7.57 14.41 0.00 56.97
71.39 67.08 68.63 58.89 71.19 66.16 0.00

0.00 10.29 8.16 9.44 11.17 7.85 63.36
9.01 0.00 8.69 13.48 17.51 12.63 59.50
7.60 36.25 0.00 10.53 12.73 9.05 57.30
10.45 15.80 12.57 0.00 13.82 7.77 38.65
11.35 16.33 15.45 11.75 0.00 10.94 81.59
8.89 13.11 10.11 7.53 14.44 0.00 60.73
72.61 66.51 71.41 65.66 69.07 64.18 0.00

0.00 8.51 8.55 8.25 9.52 8.01 55.24
8.49 0.00 25.87 13.46 16.57 11.05 59.50
7.52 46.32 0.00 10.55 11.30 10.59 55.58
10.50 14.82 12.83 0.00 10.40 9.74 38.65
11.17 16.47 15.31 11.31 0.00 12.22 81.59
8.13 10.64 10.16 6.93 12.03 0.00 61.27
70.57 67.10 67.54 72.43 65.43 66.28 0.00

0.00 8.68 8.11 8.33 9.36 8.54 53.71
7.83 0.00 29.50 13.76 14.97 9.98 59.50
8.28 46.32 0.00 10.27 12.62 9.53 55.50
10.57 14.82 9.07 0.00 11.91 17.45 38.65
11.19 16.47 15.36 11.31 0.00 12.78 81.59
7.69 9.18 9.99 6.86 8.14 0.00 61.27
54.73 56.23 54.00 49.86 49.72 47.02 0.00

0.00 8.75 9.38 8.36 10.23 8.08 53.71
7.77 0.00 29.50 9.38 14.84 9.92 59.50
7.65 46.32 0.00 10.24 13.05 8.30 55.50
8.93 14.82 8.68 0.00 9.41 15.13 38.65
11.19 16.47 15.36 11.31 0.00 12.78 81.59
10.07 8.18 9.02 6.42 7.79 0.00 61.27
43.80 41.37 36.80 32.12 39.82 37.85 0.00

