50 12 7

0 4 3 285
1 6 5 239
2 5 4 521
3 0 4 429
4 6 1 223
5 4 2 53
6 0 2 257
7 5 4 386
8 3 2 258
9 4 6 372
10 3 1 567
11 0 4 371
12 4 2 264
13 5 0 280
14 3 4 421
15 1 4 430
16 4 0 152
17 5 2 250
18 3 6 290
19 6 2 431
20 4 5 200
21 2 6 230
22 3 6 575
23 0 4 182
24 5 3 317
25 5 0 291
26 3 2 326
27 3 2 526
28 2 5 253
29 4 3 519
30 0 6 569
31 5 6 368
32 0 1 249
33 4 5 328
34 1 3 417
35 0 6 385
36 2 3 477
37 5 1 126
38 2 4 144
39 2 6 541
40 3 2 516
41 2 6 202
42 0 6 559
43 5 4 56
44 1 6 156
45 2 6 298
46 0 1 90
47 4 0 547
48 2 6 171
49 2 4 582

0.00 58.61 47.04 53.55 49.33 51.82 55.36
37.85 0.00 6.12 10.97 7.28 14.77 9.15
32.07 16.90 0.00 10.11 6.15 16.39 7.47
26.27 11.69 9.49 0.00 10.07 10.92 8.48
31.84 6.82 5.72 8.50 0.00 12.41 6.48
40.33 13.67 13.58 13.18 9.04 0.00 9.86
31.46 10.63 7.87 6.19 9.85 9.29 0.00

0.00 45.19 42.13 52.29 43.37 42.03 39.18
31.62 0.00 6.12 10.27 9.43 15.65 8.57
28.44 14.32 0.00 10.18 6.32 12.51 7.38
26.70 10.82 10.14 0.00 9.17 10.23 8.27
30.37 7.18 6.39 9.51 0.00 11.84 7.58
38.74 16.41 15.34 13.16 7.76 0.00 9.08
32.78 10.16 9.34 12.05 6.91 11.87 0.00

0.00 40.53 43.88 39.36 43.12 41.27 40.19
32.61 0.00 6.75 14.03 7.35 13.39 10.03
28.96 11.74 0.00 9.47 6.63 13.34 7.38
30.68 11.53 10.62 0.00 11.02 10.80 8.34
33.99 7.29 6.87 8.13 0.00 11.09 8.03
37.26 14.28 16.19 12.82 13.10 0.00 12.76
28.71 10.42 8.70 7.05 7.06 12.27 0.00

0.00 43.98 42.33 36.73 45.61 43.46 43.94
35.08 0.00 10.65 12.24 7.72 13.32 10.25
33.74 9.17 0.00 9.16 8.41 14.44 8.87
30.50 12.46 11.13 0.00 8.98 11.40 9.00
35.83 10.18 8.13 8.06 0.00 12.18 8.78
40.82 14.22 14.95 12.49 9.49 0.00 10.34
32.00 10.44 8.87 6.85 9.27 10.50 0.00

0.00 45.06 43.91 36.27 46.96 47.71 42.28
41.21 0.00 11.13 11.70 7.15 13.07 11.47
40.46 6.59 0.00 9.77 9.90 14.28 9.87
42.62 12.73 11.91 0.00 9.96 11.53 8.16
42.18 8.35 8.84 8.84 0.00 11.10 8.31
50.00 14.43 17.16 12.15 10.61 0.00 11.21
35.99 11.35 9.34 6.97 10.69 11.18 0.00

0.00 47.62 45.98 43.56 49.46 49.80 45.78
49.01 0.00 6.97 12.40 7.79 12.29 11.73
48.72 5.17 0.00 10.02 7.71 15.99 9.06
55.10 13.59 11.51 0.00 10.33 11.11 9.55
49.55 8.41 10.45 9.68 0.00 12.17 9.20
55.45 13.90 14.03 12.51 11.65 0.00 12.21
45.10 10.01 9.64 11.68 7.61 11.04 0.00

0.00 55.64 53.03 51.20 56.18 54.85 53.65
59.04 0.00 7.16 13.04 8.79 14.01 14.99
55.31 5.37 0.00 9.98 7.85 20.38 9.71
57.51 13.39 12.14 0.00 10.59 10.82 10.99
55.50 8.63 9.33 9.69 0.00 12.69 8.26
58.34 14.68 14.92 12.18 12.64 0.00 12.46
56.76 11.27 9.78 13.44 8.37 11.40 0.00

0.00 63.37 59.21 59.88 62.15 64.07 58.30
58.59 0.00 7.69 12.43 8.44 16.30 14.60
61.06 5.80 0.00 11.17 8.35 23.81 10.58
61.17 15.11 13.85 0.00 12.10 12.13 9.75
60.10 9.51 8.96 9.72 0.00 11.47 9.28
61.17 16.12 17.54 13.70 14.65 0.00 13.88
64.66 11.99 10.45 9.90 9.66 11.44 0.00

0.00 67.87 64.56 62.93 64.10 68.37 61.87
56.50 0.00 8.46 12.87 8.69 15.37 14.79
62.91 5.76 0.00 11.46 9.71 19.89 10.00
61.17 16.77 13.85 0.00 12.06 14.49 8.18
62.55 10.47 8.37 10.16 0.00 12.61 9.65
61.17 15.98 17.84 14.33 16.40 0.00 16.27
65.43 12.26 12.47 7.56 9.72 10.53 0.00

0.00 62.44 62.67 62.93 65.26 62.29 58.85
56.50 0.00 7.97 11.66 11.23 14.93 14.86
62.72 7.01 0.00 10.90 8.50 13.20 9.84
61.17 11.89 12.30 0.00 9.70 10.83 8.95
45.42 7.91 8.09 8.71 0.00 12.36 9.08
61.17 15.90 20.05 13.24 14.02 0.00 15.83
64.97 13.01 11.00 6.74 9.45 12.55 0.00

0.00 47.53 46.71 62.93 52.55 46.15 47.06
56.50 0.00 7.08 10.62 11.53 14.93 10.96
62.72 8.80 0.00 10.72 8.99 14.51 9.57
61.17 13.59 29.24 0.00 11.55 11.13 10.40
31.32 7.20 6.40 7.96 0.00 13.69 8.58
61.17 15.82 17.65 13.06 13.76 0.00 15.93
64.97 13.16 9.31 6.98 9.30 12.32 0.00

0.00 35.56 34.95 62.93 38.05 38.17 33.76
56.50 0.00 7.00 8.45 11.50 14.93 10.58
62.72 10.58 0.00 9.97 8.21 13.74 10.68
61.17 13.88 30.96 0.00 11.77 11.26 9.83
30.30 6.83 7.67 9.75 0.00 11.29 7.51
61.17 15.81 17.35 13.06 11.16 0.00 15.97
64.97 13.16 9.87 7.00 8.94 12.25 0.00

