50 12 7

0 4 3 409
1 5 6 345
2 0 4 53
3 2 5 438
4 3 0 13
5 2 3 244
6 6 0 440
7 4 3 90
8 0 6 476
9 1 0 535
10 6 2 130
11 5 4 478
12 6 4 510
13 3 2 355
14 2 5 331
15 5 4 253
16 5 0 543
17 4 0 174
18 4 0 599
19 3 0 31
20 0 1 528
21 5 1 535
22 5 1 16
23 6 5 107
24 0 2 580
25 0 6 248
26 2 6 129
27 6 2 416
28 3 1 422
29 0 5 320
30 6 1 190
31 6 4 314
32 1 5 430
33 6 0 207
34 6 0 572
35 3 0 352
36 0 2 517
37 0 2 409
38 0 1 341
39 4 3 368
40 6 2 343
41 0 3 279
42 3 5 213
43 0 3 286
44 4 1 491
45 1 4 593
46 0 6 56
47 5 3 138
48 6 5 548
49 0 5 389

0.00 11.60 9.36 8.05 8.43 13.36 46.28
10.26 0.00 9.83 11.77 7.16 13.98 39.27
8.77 7.13 0.00 13.19 6.67 14.10 47.20
6.54 12.09 10.00 0.00 9.01 12.47 48.68
7.29 6.72 7.00 9.20 0.00 22.07 49.44
12.55 15.02 16.17 11.29 20.97 0.00 64.02
73.35 72.73 71.21 71.16 73.08 73.54 0.00

0.00 11.15 9.44 6.95 8.13 13.99 34.71
10.69 0.00 11.04 11.73 7.61 14.15 37.37
8.47 6.99 0.00 10.74 6.73 15.06 34.32
7.30 12.72 11.46 0.00 9.22 13.33 34.67
7.56 9.24 7.14 9.76 0.00 13.49 39.84
10.73 14.96 16.17 12.38 11.18 0.00 54.85
58.58 60.58 58.32 48.96 61.23 62.99 0.00

0.00 9.70 8.22 7.85 8.32 12.50 34.82
9.83 0.00 20.05 11.68 7.56 15.79 34.52
8.43 5.61 0.00 11.00 7.02 16.24 33.73
8.58 12.96 10.64 0.00 8.99 12.54 34.58
7.50 8.61 8.30 8.21 0.00 10.96 38.25
11.94 14.78 16.17 11.64 10.67 0.00 41.80
52.10 53.08 53.37 53.11 54.94 56.05 0.00

0.00 9.51 8.64 9.41 8.51 12.37 38.28
10.89 0.00 6.14 12.93 8.21 14.90 41.45
8.12 5.69 0.00 9.50 6.27 14.27 37.76
10.38 13.27 10.21 0.00 9.07 12.83 35.00
7.22 8.96 7.17 9.67 0.00 10.67 42.38
11.71 18.05 15.92 11.37 11.19 0.00 47.10
47.66 50.37 47.93 49.99 51.74 48.69 0.00

0.00 9.86 8.31 7.80 7.73 12.90 44.29
10.60 0.00 6.02 12.01 8.24 14.05 46.82
8.87 5.77 0.00 10.10 7.65 14.85 44.00
7.33 13.13 11.15 0.00 9.85 13.55 46.04
7.20 7.61 7.43 8.60 0.00 11.76 50.19
12.56 21.87 15.29 12.45 13.00 0.00 56.03
49.83 52.22 50.40 49.18 53.30 54.73 0.00

0.00 10.51 8.63 7.25 7.62 13.42 53.64
10.98 0.00 7.13 12.31 8.29 15.33 57.53
9.49 9.04 0.00 10.56 10.75 14.85 54.83
7.93 13.70 10.76 0.00 10.30 12.47 59.26
8.05 7.60 7.99 9.06 0.00 13.11 61.90
13.59 16.70 15.53 14.81 13.21 0.00 69.38
53.92 56.20 53.35 52.64 56.15 63.15 0.00

0.00 10.45 9.09 7.47 7.61 15.43 67.17
12.60 0.00 8.24 13.43 9.08 19.80 66.62
9.87 9.05 0.00 11.20 10.77 17.29 66.59
8.87 12.94 11.21 0.00 10.47 11.61 70.44
8.62 7.32 9.42 9.07 0.00 14.75 72.62
14.19 18.68 17.07 15.17 14.82 0.00 76.79
63.39 67.56 62.24 56.72 65.53 70.35 0.00

0.00 11.48 11.80 8.21 9.10 14.37 75.20
13.48 0.00 9.90 16.01 9.62 19.09 73.72
10.53 8.28 0.00 11.82 8.10 15.70 71.46
9.22 13.72 13.78 0.00 10.37 15.36 73.58
8.72 8.72 11.37 9.83 0.00 13.34 77.69
16.64 21.25 19.60 16.15 16.06 0.00 78.23
72.97 72.84 72.11 65.95 76.59 78.08 0.00

0.00 14.06 13.78 7.72 9.90 15.01 70.84
15.61 0.00 8.50 17.99 9.93 19.11 76.67
13.60 9.67 0.00 14.43 12.31 23.54 71.69
8.55 16.80 18.46 0.00 12.31 13.87 70.40
9.69 9.63 8.60 11.60 0.00 16.33 74.06
16.44 21.16 23.98 16.95 18.54 0.00 73.05
76.31 74.03 74.13 72.30 77.23 79.90 0.00

0.00 10.66 12.34 8.28 9.00 13.00 60.16
13.93 0.00 7.56 16.27 9.01 21.43 76.67
12.33 9.67 0.00 13.19 9.04 16.96 57.16
9.59 17.47 15.27 0.00 11.90 13.34 55.31
10.09 9.40 7.62 9.92 0.00 17.28 63.26
16.20 21.06 18.40 21.15 18.61 0.00 65.57
66.03 71.63 67.65 65.39 67.92 72.38 0.00

0.00 11.18 9.07 7.04 8.26 11.93 58.29
9.38 0.00 7.56 11.57 7.48 21.82 76.67
9.59 9.67 0.00 11.05 9.75 17.39 54.91
8.85 17.47 12.55 0.00 9.25 10.52 52.21
8.46 5.62 7.73 7.97 0.00 16.28 45.33
14.10 20.97 17.39 11.94 13.91 0.00 58.61
52.68 70.87 54.74 38.02 54.19 57.56 0.00

0.00 11.33 10.47 6.09 7.73 10.32 58.29
8.98 0.00 7.56 11.14 7.35 21.82 76.67
8.25 9.67 0.00 10.28 7.10 15.29 55.00
10.45 17.47 10.74 0.00 9.78 9.70 52.21
7.16 5.25 10.33 7.59 0.00 12.55 43.74
8.62 20.96 18.00 10.93 12.55 0.00 58.02
42.19 44.83 41.44 48.06 44.01 44.63 0.00

