200 12 7

0 0 4 497
1 0 5 407
2 1 4 458
3 0 6 299
4 3 6 553
5 0 1 274
6 0 4 341
7 4 5 590
8 3 5 352
9 0 2 493
10 4 2 393
11 2 6 54
12 4 6 460
13 6 2 264
14 1 0 550
15 3 2 306
16 0 3 351
17 4 0 464
18 2 5 332
19 6 5 45
20 2 0 572
21 0 2 99
22 5 4 578
23 5 1 232
24 3 1 452
25 4 2 207
26 2 6 288
27 6 0 441
28 4 6 142
29 6 4 384
30 2 5 324
31 2 0 144
32 4 5 357
33 5 6 314
34 0 6 581
35 2 5 414
36 3 5 240
37 6 2 392
38 4 1 499
39 0 1 214
40 0 4 65
41 3 1 384
42 4 0 538
43 2 6 423
44 0 4 106
45 6 0 312
46 2 6 187
47 2 0 459
48 4 3 56
49 0 5 496
50 4 0 89
51 0 4 418
52 3 4 539
53 0 6 345
54 3 1 186
55 5 6 205
56 2 0 559
57 0 2 427
58 6 4 429
59 4 0 410
60 2 3 322
61 6 2 77
62 2 3 256
63 2 3 64
64 4 2 370
65 2 4 47
66 3 1 584
67 6 0 349
68 6 4 50
69 0 2 195
70 6 5 388
71 2 6 483
72 0 5 549
73 3 4 507
74 2 5 143
75 5 6 223
76 5 0 201
77 6 2 397
78 0 1 255
79 5 0 158
80 4 1 268
81 3 5 154
82 4 2 474
83 4 0 179
84 3 2 322
85 3 2 122
86 0 2 569
87 6 3 480
88 3 6 183
89 0 2 281
90 5 4 287
91 2 0 221
92 0 4 336
93 6 4 72
94 0 4 117
95 0 2 118
96 2 0 545
97 2 6 42
98 0 6 127
99 2 6 403
100 2 3 277
101 3 2 334
102 6 4 346
103 3 6 251
104 4 5 402
105 0 4 591
106 0 6 286
107 6 5 582
108 0 1 483
109 0 5 303
110 2 3 65
111 0 5 458
112 3 4 567
113 2 0 290
114 2 4 490
115 3 2 440
116 3 4 305
117 4 2 64
118 2 6 381
119 4 1 49
120 2 3 201
121 0 5 455
122 3 2 162
123 0 4 523
124 2 5 490
125 6 4 241
126 4 6 541
127 2 6 426
128 0 3 47
129 5 0 84
130 4 5 580
131 2 6 273
132 0 4 525
133 2 0 242
134 2 3 346
135 6 2 187
136 3 1 382
137 4 6 201
138 0 5 71
139 5 6 429
140 4 0 232
141 2 5 510
142 0 1 476
143 0 2 569
144 3 4 187
145 5 2 311
146 0 4 408
147 4 0 61
148 6 3 373
149 5 1 147
150 4 0 211
151 4 0 94
152 6 4 317
153 6 5 375
154 5 3 525
155 0 2 535
156 4 6 106
157 0 5 333
158 1 0 128
159 2 3 523
160 2 6 81
161 3 6 223
162 4 2 46
163 5 2 420
164 2 0 470
165 5 6 96
166 4 3 530
167 2 4 597
168 0 2 383
169 2 6 556
170 5 2 546
171 0 5 177
172 5 3 98
173 4 5 260
174 5 6 286
175 6 5 160
176 6 2 541
177 6 5 585
178 4 5 48
179 4 2 53
180 4 3 130
181 2 5 418
182 2 6 199
183 6 4 416
184 4 0 286
185 5 2 339
186 2 5 537
187 2 5 573
188 1 0 215
189 0 5 152
190 0 2 425
191 3 4 574
192 0 2 93
193 4 1 313
194 0 1 280
195 0 2 365
196 3 5 397
197 0 5 577
198 3 2 467
199 2 5 420

0.00 40.79 40.20 39.47 39.27 34.86 40.25
35.35 0.00 5.28 9.47 7.18 15.56 8.74
21.81 24.08 0.00 8.77 6.74 14.38 9.61
21.75 9.55 8.37 0.00 8.92 9.64 5.78
25.28 9.23 5.34 7.60 0.00 11.24 7.55
33.06 16.68 17.59 12.29 15.30 0.00 13.52
24.96 8.36 7.74 6.76 6.77 10.68 0.00

0.00 46.75 42.47 37.03 45.37 53.60 48.54
35.35 0.00 5.28 9.51 7.15 11.75 8.74
25.79 24.08 0.00 9.02 6.69 13.85 9.50
22.38 9.55 9.04 0.00 7.63 10.32 6.45
29.36 9.46 7.05 8.16 0.00 11.41 7.20
33.86 16.32 14.18 12.29 13.62 0.00 14.14
27.00 8.36 7.78 6.76 6.94 12.75 0.00

0.00 51.49 51.27 56.75 54.79 57.76 52.85
36.40 0.00 5.56 9.96 6.85 13.73 9.12
33.86 24.08 0.00 11.10 6.43 14.94 8.83
29.94 10.12 15.38 0.00 8.69 16.98 7.12
37.44 11.03 7.84 8.24 0.00 12.25 7.05
44.10 13.04 17.14 12.47 12.93 0.00 11.63
38.09 8.36 8.23 6.76 8.60 10.84 0.00

0.00 66.10 62.91 60.37 63.05 60.83 58.08
43.16 0.00 7.19 10.41 6.79 15.43 10.35
41.50 24.08 0.00 9.60 8.22 16.86 10.20
37.50 12.41 9.65 0.00 8.34 16.01 7.19
45.13 8.55 9.44 8.57 0.00 13.83 8.55
54.25 14.75 17.65 13.55 15.11 0.00 11.88
42.34 8.55 8.68 6.76 8.88 15.76 0.00

0.00 70.93 64.91 61.82 64.96 64.66 62.32
49.08 0.00 8.31 11.16 7.25 15.87 10.02
45.15 24.08 0.00 9.31 9.25 18.25 9.22
45.06 11.64 10.02 0.00 9.18 14.00 8.06
46.73 9.55 7.44 8.24 0.00 13.10 8.73
57.05 16.77 19.09 15.41 14.41 0.00 13.14
42.99 9.30 9.84 7.52 9.72 18.16 0.00

0.00 65.96 65.71 60.30 67.71 64.60 63.22
47.06 0.00 8.38 12.51 8.76 15.67 10.73
47.96 24.08 0.00 10.03 8.04 17.24 9.97
49.47 12.00 10.39 0.00 8.37 12.50 9.71
46.82 7.71 7.81 8.74 0.00 13.10 7.54
60.86 21.26 17.90 17.14 16.01 0.00 20.25
46.35 10.05 9.95 8.39 8.93 16.23 0.00

0.00 67.25 64.65 59.77 66.24 65.08 63.03
43.66 0.00 8.46 13.87 7.98 15.80 9.79
46.94 24.08 0.00 11.57 7.91 17.27 11.66
49.47 13.40 11.28 0.00 9.53 14.90 8.04
45.87 7.93 7.85 9.26 0.00 14.35 8.48
57.83 23.12 18.79 16.52 16.69 0.00 27.36
46.66 10.81 8.38 7.28 7.15 14.85 0.00

0.00 67.47 61.28 58.30 63.47 63.86 62.22
43.73 0.00 8.53 12.84 16.62 15.94 9.86
47.47 24.08 0.00 11.27 9.66 19.45 10.46
49.47 13.95 12.09 0.00 10.23 15.94 8.45
50.51 8.15 10.94 8.69 0.00 15.68 8.46
53.76 19.75 21.42 17.07 17.23 0.00 19.81
45.60 11.56 8.75 6.78 6.79 15.02 0.00

0.00 60.58 60.02 50.68 63.79 60.94 58.20
43.73 0.00 8.61 12.34 13.01 16.08 9.93
43.43 18.74 0.00 10.70 9.13 18.72 8.97
49.47 13.93 11.24 0.00 9.93 16.46 6.70
49.63 7.06 8.85 8.62 0.00 15.87 7.99
54.48 21.49 22.09 14.13 17.94 0.00 16.78
42.15 11.81 11.28 6.39 9.60 17.33 0.00

0.00 56.53 56.15 42.23 58.60 55.79 52.83
43.73 0.00 10.71 12.50 10.23 16.21 10.00
39.57 14.88 0.00 11.13 8.50 20.75 10.24
49.47 13.93 14.63 0.00 12.06 11.97 8.11
47.74 9.57 8.58 8.35 0.00 14.17 8.09
50.71 25.61 21.05 16.80 18.02 0.00 16.31
46.83 11.81 10.79 6.25 8.53 13.41 0.00

0.00 47.81 44.25 33.41 49.27 43.74 48.86
43.73 0.00 6.33 12.50 10.35 16.35 9.90
33.26 12.41 0.00 8.96 11.05 17.67 10.26
49.47 13.93 13.88 0.00 9.93 12.72 6.99
41.88 6.94 8.06 8.16 0.00 18.17 7.98
44.98 29.66 19.99 14.43 16.88 0.00 15.77
54.19 11.81 9.09 6.25 10.04 13.79 0.00

0.00 42.31 36.31 32.66 39.72 42.44 38.94
43.73 0.00 5.84 12.50 12.00 16.36 9.77
32.67 12.20 0.00 8.73 8.78 16.61 10.15
49.47 13.93 13.72 0.00 8.31 9.07 6.83
37.16 6.62 7.24 8.15 0.00 13.09 10.98
44.50 30.00 22.02 14.11 12.31 0.00 15.65
61.55 11.81 10.29 6.25 9.15 10.86 0.00

