100 12 7

0 4 2 555
1 0 6 217
2 6 2 72
3 4 5 432
4 6 0 271
5 6 0 238
6 4 5 201
7 4 3 441
8 2 4 108
9 3 6 236
10 3 2 581
11 5 0 335
12 1 0 488
13 4 6 266
14 2 5 409
15 5 4 398
16 0 1 190
17 6 0 526
18 6 4 256
19 4 0 441
20 2 0 530
21 4 0 379
22 3 0 323
23 0 1 246
24 4 6 571
25 2 6 98
26 5 0 551
27 0 6 534
28 4 6 206
29 0 5 428
30 4 6 243
31 4 6 454
32 2 0 294
33 3 6 58
34 5 2 142
35 6 4 461
36 5 6 566
37 6 2 375
38 5 0 550
39 3 0 498
40 2 0 274
41 1 0 119
42 3 5 390
43 4 1 221
44 0 5 190
45 4 3 556
46 0 4 276
47 2 4 318
48 3 4 324
49 4 1 318
50 4 0 331
51 0 2 178
52 5 0 484
53 6 0 367
54 4 0 415
55 4 2 467
56 3 5 571
57 3 2 292
58 4 0 599
59 2 0 517
60 0 4 116
61 5 0 416
62 0 2 567
63 2 6 528
64 0 3 142
65 2 4 492
66 4 0 160
67 0 6 429
68 0 1 326
69 2 4 576
70 6 5 376
71 6 3 488
72 4 0 206
73 4 0 71
74 6 4 355
75 3 5 419
76 2 0 308
77 3 6 439
78 2 6 365
79 0 3 315
80 3 5 597
81 0 1 75
82 3 4 524
83 2 4 243
84 3 2 497
85 0 6 316
86 3 6 451
87 6 5 81
88 0 1 160
89 0 4 83
90 5 6 146
91 0 6 297
92 4 6 364
93 2 0 437
94 2 5 136
95 2 6 553
96 3 2 576
97 4 6 401
98 0 3 203
99 0 3 112

0.00 37.98 30.47 35.39 25.96 28.20 26.72
26.07 0.00 5.90 11.47 7.50 13.80 10.59
22.46 0.00 0.00 7.36 7.17 13.72 6.47
24.04 10.34 7.42 0.00 7.61 11.47 15.00
24.40 5.20 6.12 6.48 0.00 14.44 6.17
25.05 9.51 17.36 14.33 14.04 0.00 13.37
20.46 9.21 5.12 5.82 6.39 11.22 0.00

0.00 38.25 31.98 35.50 34.10 39.23 32.52
26.40 0.00 5.90 11.47 7.50 13.75 10.59
24.34 0.00 0.00 7.56 7.17 17.04 7.78
25.13 10.92 7.56 0.00 7.68 11.23 33.59
26.84 5.20 6.12 8.63 0.00 10.51 8.39
30.64 9.81 17.36 14.33 14.04 0.00 13.30
24.07 9.21 5.45 5.82 6.39 12.26 0.00

0.00 40.79 40.23 36.01 44.20 41.30 41.46
33.91 0.00 5.90 11.47 7.50 13.37 10.59
31.98 0.00 0.00 9.73 6.98 14.09 8.38
36.01 11.40 9.41 0.00 8.64 11.10 7.74
34.61 5.18 6.27 10.89 0.00 12.16 9.77
37.68 13.46 17.36 14.33 14.04 0.00 12.53
31.96 9.28 8.76 5.94 7.22 13.14 0.00

0.00 39.71 42.82 35.10 46.86 46.76 44.45
50.36 0.00 5.90 11.47 7.50 14.15 10.59
39.52 0.00 0.00 10.07 6.16 16.80 9.44
35.91 11.37 11.04 0.00 9.73 12.39 6.09
43.45 5.09 7.34 10.59 0.00 13.10 8.13
46.88 17.10 16.46 14.33 13.72 0.00 11.75
39.44 9.70 9.55 9.33 11.22 13.09 0.00

0.00 42.77 44.73 39.98 48.15 46.49 43.67
40.71 0.00 5.90 11.57 7.50 14.92 10.59
41.17 0.00 0.00 9.69 7.09 15.79 9.05
36.50 11.35 10.10 0.00 9.82 14.43 7.63
45.80 5.95 8.08 9.41 0.00 11.45 9.33
46.91 20.74 14.35 13.86 13.35 0.00 12.78
39.55 10.12 12.56 13.58 11.98 13.09 0.00

0.00 47.76 46.38 44.48 49.27 46.61 44.54
36.72 0.00 5.90 11.85 7.50 15.70 10.59
40.64 0.00 0.00 10.97 8.07 14.23 11.13
36.83 11.22 9.88 0.00 9.24 14.68 9.86
44.18 7.28 6.84 7.30 0.00 11.61 7.70
51.26 24.39 15.57 17.04 12.99 0.00 17.39
41.03 10.54 15.12 8.07 11.77 14.41 0.00

0.00 47.51 45.94 45.63 48.47 47.61 44.40
37.26 0.00 5.90 11.78 7.88 17.42 10.59
42.14 0.00 0.00 10.01 8.10 14.31 8.91
34.65 11.03 11.16 0.00 9.22 12.38 9.87
43.99 7.22 8.13 8.00 0.00 17.62 8.48
52.87 28.03 17.58 26.69 13.62 0.00 21.94
39.14 10.75 14.18 8.73 10.59 17.25 0.00

0.00 47.64 44.95 39.13 46.57 47.68 43.41
51.28 0.00 5.90 11.35 8.62 18.53 10.59
47.09 0.00 0.00 9.50 8.52 15.66 9.13
45.71 12.11 11.57 0.00 9.15 12.53 7.87
49.81 7.79 8.40 9.08 0.00 19.79 10.10
57.20 29.55 34.37 36.33 19.71 0.00 24.66
40.99 10.75 10.40 8.00 8.58 12.80 0.00

0.00 44.53 43.64 38.32 45.33 45.48 42.05
53.48 0.00 6.07 9.48 8.26 18.53 10.59
45.63 0.00 0.00 10.12 7.65 18.14 12.18
40.48 14.00 11.29 0.00 11.86 13.16 7.59
48.88 8.36 7.41 8.58 0.00 12.40 9.58
76.70 29.55 28.82 20.94 24.22 0.00 21.23
45.58 10.75 8.53 5.73 7.80 8.88 0.00

0.00 43.39 44.20 30.28 45.18 45.90 42.45
40.80 0.00 6.33 10.82 10.13 18.53 10.59
47.57 0.00 0.00 9.57 11.34 15.82 9.27
35.95 12.24 10.82 0.00 13.03 13.16 8.80
42.24 7.05 8.70 7.40 0.00 11.34 7.65
83.05 29.55 21.90 13.97 22.75 0.00 15.23
42.92 10.75 8.42 6.61 9.21 8.64 0.00

0.00 48.00 44.86 42.55 47.45 46.06 43.15
38.47 0.00 6.59 11.26 10.59 18.53 10.59
36.31 0.00 0.00 9.39 7.81 14.61 7.89
35.95 10.94 9.69 0.00 9.81 13.16 6.39
41.08 6.72 9.03 7.80 0.00 10.60 8.13
83.05 29.55 21.57 13.97 15.55 0.00 14.72
38.84 10.75 8.58 8.62 8.86 8.64 0.00

0.00 52.03 42.95 43.98 44.44 44.82 40.90
38.47 0.00 6.62 11.26 10.59 18.53 10.59
35.11 0.00 0.00 9.39 7.95 14.55 8.42
35.95 9.98 9.59 0.00 10.56 13.16 7.02
41.08 6.72 9.03 8.55 0.00 10.50 9.66
83.05 29.55 21.57 13.97 10.25 0.00 14.77
38.50 10.75 7.03 8.79 8.79 8.64 0.00

