200 12 7

0 0 4 573
1 6 0 180
2 2 4 175
3 0 6 232
4 6 1 220
5 1 6 415
6 1 6 545
7 6 4 435
8 4 3 210
9 0 6 240
10 0 1 144
11 0 2 352
12 2 4 240
13 0 2 129
14 4 3 583
15 2 0 369
16 4 2 422
17 2 4 580
18 3 6 379
19 2 5 104
20 0 4 111
21 1 0 188
22 3 6 460
23 3 1 358
24 0 1 154
25 5 2 571
26 1 3 189
27 0 2 531
28 0 3 78
29 0 1 457
30 0 1 26
31 1 5 367
32 1 4 223
33 2 3 511
34 4 5 529
35 5 4 580
36 3 1 533
37 3 6 240
38 3 6 335
39 6 0 454
40 6 0 463
41 6 0 119
42 2 6 545
43 2 5 231
44 5 1 358
45 4 3 530
46 2 5 375
47 4 6 337
48 3 5 509
49 2 3 402
50 2 6 481
51 5 1 454
52 0 5 385
53 6 4 438
54 6 5 501
55 5 3 391
56 2 3 87
57 1 4 106
58 3 2 202
59 1 3 84
60 2 5 561
61 2 3 125
62 2 3 116
63 2 4 286
64 3 5 209
65 2 5 496
66 6 4 229
67 0 4 528
68 0 1 52
69 4 3 510
70 6 1 499
71 4 6 513
72 2 0 549
73 2 5 237
74 0 3 497
75 6 3 567
76 4 1 211
77 0 1 570
78 0 1 398
79 0 3 57
80 2 0 121
81 3 0 414
82 4 5 215
83 1 4 576
84 4 1 144
85 6 4 157
86 6 4 387
87 2 6 157
88 6 4 141
89 6 1 196
90 4 6 213
91 3 4 278
92 0 1 415
93 2 3 341
94 6 5 157
95 4 3 286
96 5 1 560
97 1 6 180
98 3 2 98
99 4 6 494
100 0 4 112
101 3 6 480
102 1 3 308
103 2 3 150
104 4 6 271
105 2 6 463
106 1 4 284
107 6 5 182
108 2 3 448
109 2 3 82
110 1 5 268
111 5 6 557
112 3 2 213
113 0 3 35
114 1 4 145
115 0 3 104
116 3 6 252
117 4 1 291
118 3 4 363
119 4 3 100
120 3 2 155
121 0 2 169
122 4 1 332
123 1 4 314
124 2 3 93
125 5 2 424
126 3 1 192
127 6 3 474
128 4 2 134
129 0 4 18
130 5 3 520
131 4 6 195
132 4 3 95
133 1 3 273
134 2 4 304
135 1 0 465
136 3 5 412
137 1 5 529
138 2 3 212
139 2 3 584
140 2 3 529
141 2 6 555
142 0 5 11
143 6 4 209
144 1 6 532
145 4 3 369
146 3 6 133
147 4 6 582
148 0 5 584
149 1 2 270
150 3 5 379
151 0 1 397
152 0 5 256
153 6 1 103
154 4 2 399
155 6 3 423
156 5 2 535
157 2 6 441
158 3 6 422
159 2 3 596
160 1 3 194
161 0 6 317
162 3 1 343
163 2 3 315
164 3 1 270
165 0 2 248
166 0 1 85
167 3 4 249
168 0 4 594
169 2 3 278
170 1 3 361
171 6 2 116
172 2 1 345
173 6 4 506
174 2 4 169
175 4 2 99
176 2 4 108
177 2 6 398
178 2 6 517
179 0 6 408
180 0 3 72
181 6 5 513
182 0 4 372
183 4 1 215
184 0 2 232
185 5 4 168
186 5 0 278
187 4 3 281
188 4 0 573
189 5 6 310
190 2 0 126
191 6 3 476
192 2 0 488
193 1 5 141
194 0 4 373
195 4 0 352
196 4 0 474
197 2 5 82
198 2 3 155
199 5 3 475

0.00 66.19 78.71 77.80 81.80 82.75 75.41
54.86 0.00 10.28 11.66 7.08 16.73 11.07
50.68 6.05 0.00 11.36 5.62 16.46 9.04
65.66 12.01 10.75 0.00 8.92 12.84 7.27
52.11 7.05 6.46 9.02 0.00 11.85 7.76
39.27 13.69 16.69 13.59 13.68 0.00 13.57
53.64 11.65 8.85 9.81 8.73 13.27 0.00

0.00 65.58 68.40 66.09 70.35 69.58 67.87
43.23 0.00 10.28 12.70 7.77 14.48 10.18
37.33 6.51 0.00 10.89 8.93 16.50 8.56
62.13 13.92 10.65 0.00 9.15 12.51 7.26
36.43 8.11 6.55 9.55 0.00 11.76 7.90
37.42 15.47 16.47 13.59 13.27 0.00 12.31
34.62 8.89 8.20 9.33 8.14 13.57 0.00

0.00 58.21 57.66 51.05 60.99 57.43 56.84
30.27 0.00 10.00 10.75 8.49 15.92 10.50
29.92 12.01 0.00 9.55 7.96 17.59 9.13
27.27 14.76 12.38 0.00 9.76 14.06 7.83
33.47 8.28 7.50 9.12 0.00 11.28 7.46
36.98 15.73 16.83 12.78 12.45 0.00 11.00
31.43 10.83 7.83 6.93 8.60 14.04 0.00

0.00 50.56 48.62 42.96 53.42 49.67 47.77
35.05 0.00 8.31 13.47 7.33 12.20 10.81
34.85 13.47 0.00 10.73 9.67 14.34 9.06
31.36 14.84 10.96 0.00 10.25 11.84 7.59
36.54 7.36 7.65 8.75 0.00 12.33 7.92
36.97 15.69 18.61 12.79 11.19 0.00 12.00
36.88 9.87 8.42 7.01 8.04 12.45 0.00

0.00 44.25 43.86 41.78 46.69 44.75 42.39
35.46 0.00 6.63 12.58 7.10 11.60 10.84
38.04 6.86 0.00 11.44 9.10 16.68 8.99
40.81 14.56 10.27 0.00 9.30 11.60 7.46
40.48 7.83 7.70 8.91 0.00 11.93 7.72
42.61 15.66 19.21 14.63 14.27 0.00 11.70
39.48 10.14 8.06 8.12 7.99 10.72 0.00

0.00 43.13 40.72 39.14 43.13 44.66 42.20
44.17 0.00 7.49 13.44 7.99 14.86 10.69
46.76 7.06 0.00 9.54 7.02 18.45 9.71
50.26 13.41 10.54 0.00 9.69 11.37 8.08
49.54 7.97 7.85 8.59 0.00 11.35 7.78
59.98 14.38 20.03 14.10 14.76 0.00 12.00
45.97 10.54 8.21 7.43 9.46 10.05 0.00

0.00 48.76 44.08 41.30 46.43 49.61 46.36
55.53 0.00 7.78 12.92 8.47 14.67 11.50
57.68 6.12 0.00 9.56 7.03 16.52 9.42
61.45 12.68 12.24 0.00 10.19 11.25 7.03
62.56 8.74 7.19 8.01 0.00 12.33 7.89
72.91 11.31 15.23 14.71 19.23 0.00 13.11
59.74 11.03 8.44 7.18 8.96 10.88 0.00

0.00 55.28 54.00 51.69 55.12 59.22 54.81
64.02 0.00 6.34 15.01 9.09 16.34 11.93
58.97 5.86 0.00 10.52 7.35 13.55 9.48
65.03 13.09 12.90 0.00 10.68 11.53 8.95
66.78 8.21 7.41 8.64 0.00 12.62 8.20
71.39 17.99 17.37 15.70 16.82 0.00 14.40
64.59 10.80 10.69 7.28 8.45 11.03 0.00

0.00 68.79 62.91 60.37 64.62 69.31 62.93
62.61 0.00 6.62 16.96 9.22 17.12 13.47
67.17 5.60 0.00 12.56 8.39 15.99 10.31
60.51 12.89 15.42 0.00 10.54 13.08 9.75
70.90 9.66 9.43 9.83 0.00 11.33 9.29
75.83 25.19 22.84 16.50 17.97 0.00 15.62
61.73 14.32 12.98 7.33 9.49 13.29 0.00

0.00 63.01 60.11 51.06 62.69 60.10 59.50
62.76 0.00 7.79 14.93 8.67 16.50 13.60
55.99 6.74 0.00 11.67 9.46 15.36 9.98
49.15 12.60 12.99 0.00 11.71 13.66 9.08
61.26 9.04 8.67 8.79 0.00 10.78 9.50
68.34 24.56 22.09 16.33 21.04 0.00 17.18
54.21 10.40 11.35 7.03 8.41 12.97 0.00

0.00 53.02 48.62 51.89 52.63 51.28 48.91
62.76 0.00 7.31 11.82 9.19 15.72 10.41
52.74 7.01 0.00 10.75 7.45 14.07 9.10
42.11 14.87 12.22 0.00 9.72 11.89 7.36
51.66 7.23 6.93 7.10 0.00 12.15 8.40
66.11 17.50 18.00 11.33 17.45 0.00 17.45
44.67 11.70 8.44 6.18 7.49 13.19 0.00

0.00 36.28 38.08 52.20 39.44 42.76 38.32
62.76 0.00 7.23 9.20 6.16 15.00 10.10
52.74 7.01 0.00 9.76 6.50 13.67 7.78
41.62 15.10 12.22 0.00 7.67 11.36 9.18
50.96 7.08 7.03 8.38 0.00 12.29 7.35
66.11 16.83 16.02 12.10 17.06 0.00 17.45
43.87 11.95 7.25 6.11 9.44 13.24 0.00

