50 12 7

0 1 4 402
1 2 5 336
2 0 3 399
3 3 0 68
4 5 1 64
5 2 5 223
6 4 2 513
7 6 2 581
8 0 2 539
9 5 2 590
10 0 3 470
11 0 1 218
12 0 1 521
13 4 0 527
14 5 3 344
15 5 0 520
16 0 3 420
17 5 3 25
18 0 3 558
19 6 4 583
20 5 2 378
21 0 1 155
22 2 3 341
23 2 0 471
24 4 1 274
25 3 2 153
26 6 2 583
27 0 4 521
28 3 5 70
29 0 3 395
30 5 0 415
31 0 2 445
32 3 5 131
33 2 5 248
34 1 3 195
35 5 2 563
36 2 3 446
37 2 3 269
38 6 3 55
39 3 4 489
40 5 6 56
41 1 4 89
42 3 2 257
43 2 3 207
44 3 0 472
45 5 0 581
46 3 5 218
47 6 2 489
48 4 5 107
49 2 6 265

0.00 6.27 8.77 8.71 11.02 6.73 43.73
6.61 0.00 5.77 11.60 13.47 9.82 46.24
6.52 17.38 0.00 10.65 16.18 7.58 48.08
8.42 13.60 9.77 0.00 11.66 7.26 26.73
9.83 14.80 11.26 11.50 0.00 10.74 44.87
7.59 9.57 10.38 8.88 17.19 0.00 43.08
61.41 59.83 77.73 73.11 77.10 77.41 0.00

0.00 6.86 6.12 9.43 11.80 6.91 36.00
7.65 0.00 5.76 13.05 12.22 9.28 41.92
7.23 11.01 0.00 9.91 19.78 8.36 30.49
9.13 11.82 11.29 0.00 12.55 7.32 26.73
8.98 14.80 11.26 10.63 0.00 10.05 44.40
7.99 10.28 9.23 9.74 15.14 0.00 63.03
51.44 59.29 53.38 64.14 48.14 55.68 0.00

0.00 7.65 6.64 8.53 11.02 7.44 28.14
8.79 0.00 5.62 12.05 12.71 9.10 37.60
6.22 5.76 0.00 8.48 15.32 8.14 25.32
9.70 12.41 11.60 0.00 15.40 8.84 26.73
11.92 14.80 11.74 11.97 0.00 10.80 38.83
7.38 11.85 7.84 13.19 10.71 0.00 27.58
42.92 52.87 43.62 43.59 52.15 39.74 0.00

0.00 8.04 8.69 9.33 11.65 8.10 31.01
8.52 0.00 5.82 10.60 12.69 9.59 33.28
6.07 5.98 0.00 11.55 14.42 8.96 27.87
9.11 12.15 12.30 0.00 13.88 7.26 26.85
10.21 15.61 14.55 13.30 0.00 10.78 35.95
8.12 10.94 7.96 6.24 13.87 0.00 28.91
40.83 46.45 37.98 35.81 42.26 35.60 0.00

0.00 8.02 7.84 8.74 10.59 8.32 38.40
8.60 0.00 6.63 12.15 11.68 9.67 36.56
7.93 5.86 0.00 10.37 12.64 8.29 34.37
10.08 12.37 10.88 0.00 11.92 10.60 27.31
10.62 17.42 16.11 13.58 0.00 10.06 41.73
9.53 11.00 7.38 6.71 10.82 0.00 31.80
39.53 40.03 36.55 31.36 37.77 34.53 0.00

0.00 7.53 8.43 7.82 11.07 7.41 47.54
7.91 0.00 6.76 11.76 11.28 10.39 54.23
9.57 7.83 0.00 9.10 12.58 8.32 43.30
11.34 12.84 11.34 0.00 11.20 13.18 42.10
12.24 15.43 15.45 13.42 0.00 11.13 55.85
10.14 9.94 8.17 7.23 12.03 0.00 45.80
38.98 38.72 37.34 31.74 40.23 33.93 0.00

0.00 8.01 8.10 12.43 11.65 8.08 53.92
8.53 0.00 6.98 11.48 12.28 10.30 65.48
7.08 7.48 0.00 8.84 12.71 8.43 56.70
9.65 12.48 10.77 0.00 12.29 8.00 59.53
10.41 16.05 15.11 15.06 0.00 11.27 70.77
7.43 9.81 8.39 8.27 11.68 0.00 57.98
42.30 49.16 40.34 35.84 45.07 38.50 0.00

0.00 8.39 8.61 11.37 10.85 8.17 60.64
8.72 0.00 7.10 12.51 13.84 11.47 62.24
6.85 6.79 0.00 10.37 14.39 9.45 63.86
15.09 12.89 12.00 0.00 12.23 9.42 59.53
12.25 19.82 15.90 16.78 0.00 12.64 69.55
8.97 10.85 8.94 7.06 11.64 0.00 61.58
47.61 51.95 45.95 40.30 52.99 45.82 0.00

0.00 8.02 8.60 8.95 12.11 8.28 60.34
8.61 0.00 6.99 15.06 16.15 13.69 58.97
7.05 9.60 0.00 11.45 13.12 10.96 65.06
13.80 13.72 14.28 0.00 13.81 8.27 59.53
13.91 23.06 18.26 16.73 0.00 13.21 72.86
8.66 13.28 10.42 6.60 12.13 0.00 61.85
49.40 59.67 49.44 51.41 58.98 56.00 0.00

0.00 7.48 6.98 8.73 10.26 7.42 51.34
8.19 0.00 6.78 13.20 13.10 12.26 58.97
6.81 7.82 0.00 9.86 15.14 10.31 65.06
10.17 13.93 12.42 0.00 12.95 8.21 59.53
18.71 21.31 22.02 15.00 0.00 16.86 64.18
7.87 11.87 10.07 6.90 13.62 0.00 61.26
49.15 50.33 45.13 47.72 56.32 48.48 0.00

0.00 7.38 7.03 7.39 10.79 8.46 49.87
8.30 0.00 14.25 9.73 12.34 11.82 58.97
9.62 7.28 0.00 8.51 12.36 7.66 65.06
11.28 13.93 21.53 0.00 11.01 7.38 59.53
16.35 17.90 17.04 14.68 0.00 17.66 61.81
7.80 12.13 8.20 5.68 10.77 0.00 61.26
36.67 38.91 36.52 37.09 40.43 35.58 0.00

0.00 7.38 8.17 10.90 10.90 7.38 49.87
8.32 0.00 6.00 9.44 8.92 11.82 58.97
7.52 7.28 0.00 8.20 12.18 8.25 65.06
8.60 13.93 12.32 0.00 9.07 6.87 59.53
16.00 12.94 14.79 14.68 0.00 17.66 61.81
7.58 13.01 8.21 5.57 10.45 0.00 61.26
33.52 27.85 29.34 40.66 35.52 29.67 0.00

