100 12 7

0 1 6 290
1 0 3 6
2 1 6 424
3 0 2 319
4 0 2 48
5 4 0 595
6 6 1 299
7 5 3 240
8 6 0 221
9 1 0 155
10 0 4 415
11 6 4 489
12 6 0 392
13 3 2 408
14 6 4 257
15 1 6 544
16 5 6 184
17 6 3 342
18 3 2 79
19 1 3 600
20 1 0 387
21 3 1 190
22 5 6 168
23 4 5 561
24 1 3 379
25 4 6 61
26 6 5 397
27 4 6 523
28 4 1 176
29 3 6 90
30 0 1 167
31 4 3 81
32 3 6 111
33 1 6 395
34 4 5 199
35 4 5 187
36 0 4 590
37 4 0 538
38 1 4 322
39 4 1 431
40 6 0 404
41 3 6 82
42 6 1 494
43 4 1 567
44 4 3 382
45 5 6 335
46 6 0 384
47 4 5 533
48 1 0 424
49 0 6 264
50 1 3 98
51 6 0 221
52 2 6 217
53 2 4 550
54 5 0 322
55 0 4 243
56 2 4 551
57 4 3 151
58 4 0 146
59 3 4 84
60 1 5 334
61 0 6 307
62 0 6 397
63 1 6 564
64 2 3 447
65 6 2 570
66 3 6 332
67 4 2 480
68 4 3 533
69 2 3 485
70 6 2 517
71 3 4 464
72 3 2 122
73 3 2 200
74 6 2 516
75 4 2 546
76 1 4 57
77 0 3 27
78 4 6 123
79 0 2 562
80 1 4 230
81 2 6 302
82 1 6 488
83 3 0 483
84 4 1 202
85 3 6 398
86 6 0 132
87 6 2 161
88 2 5 101
89 0 2 144
90 0 1 333
91 4 2 554
92 4 3 160
93 4 2 305
94 5 3 549
95 6 3 112
96 3 6 58
97 2 5 509
98 0 5 301
99 3 5 207

0.00 47.16 47.27 43.52 51.43 48.74 46.43
30.86 0.00 6.49 9.15 6.22 11.88 10.29
30.82 6.60 0.00 9.60 11.22 13.30 7.79
29.40 11.49 10.48 0.00 8.15 13.11 6.97
33.48 6.85 6.41 7.86 0.00 11.50 7.11
36.96 13.14 15.75 14.55 11.22 0.00 9.75
31.33 10.39 8.62 10.82 8.06 14.04 0.00

0.00 53.54 47.90 44.61 50.94 54.85 47.26
29.55 0.00 6.49 9.28 9.44 17.11 9.75
31.18 6.51 0.00 12.06 5.54 13.13 8.27
30.04 12.61 10.13 0.00 8.12 11.68 8.20
34.74 7.42 5.37 9.43 0.00 11.22 7.13
40.38 13.50 15.62 11.42 10.24 0.00 7.22
30.88 10.17 7.65 8.73 10.84 11.32 0.00

0.00 53.54 53.07 55.31 55.77 62.80 53.10
35.72 0.00 6.49 10.72 8.17 16.39 10.28
37.41 5.60 0.00 12.02 7.24 12.17 8.03
37.81 13.27 11.59 0.00 8.75 12.93 7.78
42.30 7.79 7.00 8.81 0.00 10.95 7.31
45.50 13.92 14.22 10.25 11.39 0.00 12.28
36.49 8.83 8.37 18.85 7.61 10.93 0.00

0.00 62.11 57.69 56.38 60.34 66.87 59.91
50.50 0.00 6.40 11.77 8.29 14.81 11.88
44.81 5.72 0.00 11.97 7.45 14.75 8.86
45.57 12.83 11.48 0.00 8.62 12.91 9.80
48.82 8.89 7.57 9.33 0.00 11.26 7.86
57.83 14.61 13.87 13.65 11.74 0.00 11.36
45.64 10.79 11.24 8.02 8.14 11.38 0.00

0.00 64.08 61.67 60.32 65.59 65.81 62.88
51.25 0.00 6.02 13.80 8.32 13.79 11.83
50.54 5.83 0.00 14.45 7.26 12.49 8.47
49.46 13.29 11.65 0.00 8.67 14.13 10.37
54.83 8.48 7.79 8.83 0.00 12.21 8.23
56.91 15.18 14.68 15.15 14.12 0.00 12.80
49.97 10.91 9.47 10.33 7.90 11.34 0.00

0.00 68.60 66.02 61.34 69.92 70.40 65.81
58.28 0.00 6.04 14.51 10.38 15.51 12.57
56.75 5.95 0.00 11.80 7.77 13.13 9.97
52.45 13.50 12.37 0.00 10.52 12.55 10.58
61.10 8.08 7.31 9.46 0.00 11.12 8.93
64.86 15.39 15.86 14.92 13.14 0.00 14.41
57.76 11.70 8.91 11.25 9.21 10.70 0.00

0.00 73.24 70.38 68.96 73.28 74.74 70.16
67.57 0.00 6.63 14.61 10.52 14.81 13.90
65.50 6.06 0.00 12.24 9.51 17.52 10.55
63.59 14.85 14.09 0.00 12.35 14.59 8.38
69.77 8.50 7.26 10.59 0.00 11.89 8.34
71.62 15.39 18.26 15.63 12.67 0.00 14.42
67.04 11.44 11.83 8.12 8.91 13.36 0.00

0.00 76.68 71.39 72.19 75.01 77.08 73.56
71.21 0.00 7.50 15.16 9.69 18.02 14.43
67.70 6.18 0.00 11.29 8.95 16.21 10.27
67.62 13.81 13.22 0.00 10.53 14.43 7.78
71.37 8.83 7.68 10.43 0.00 11.50 8.35
74.55 15.39 21.49 14.62 14.53 0.00 13.55
66.99 10.40 11.70 8.31 8.30 14.08 0.00

0.00 79.09 73.09 67.41 76.00 80.89 73.24
57.25 0.00 7.88 15.91 10.23 20.77 14.46
64.62 6.29 0.00 11.40 10.92 17.39 9.84
67.62 17.73 12.89 0.00 11.15 16.69 7.00
64.40 8.18 7.74 9.40 0.00 11.68 8.60
72.22 15.39 16.95 11.77 12.69 0.00 13.19
61.03 10.26 9.43 6.33 11.42 13.63 0.00

0.00 72.75 64.78 59.23 66.92 80.33 64.38
49.27 0.00 7.21 13.35 8.53 22.76 19.90
57.41 6.41 0.00 11.11 9.81 23.84 12.04
67.62 15.47 10.36 0.00 10.48 18.54 7.51
60.90 9.79 7.53 8.82 0.00 14.41 9.71
71.04 15.39 15.12 10.98 13.34 0.00 14.44
53.72 15.81 9.85 6.64 9.25 13.16 0.00

0.00 52.89 51.83 53.36 54.37 52.07 50.43
48.67 0.00 6.29 12.62 10.07 13.28 15.10
56.00 6.52 0.00 11.29 8.88 24.88 11.17
67.62 14.58 9.31 0.00 10.89 15.12 7.46
34.30 6.19 7.41 9.83 0.00 17.83 8.35
71.04 15.39 15.12 10.98 13.08 0.00 19.91
52.52 8.94 8.95 5.88 7.49 14.14 0.00

0.00 39.67 38.47 47.96 39.69 46.44 38.15
48.67 0.00 6.22 12.61 9.88 12.47 11.67
56.00 6.53 0.00 9.94 7.06 11.32 11.25
67.62 14.58 8.72 0.00 10.92 19.80 7.00
31.67 5.79 6.72 6.90 0.00 9.66 7.45
71.04 15.39 15.12 10.98 13.02 0.00 20.43
52.52 8.54 8.54 5.79 7.50 9.72 0.00

