50 12 7

0 2 0 252
1 4 2 203
2 4 5 345
3 2 6 459
4 3 0 113
5 4 3 301
6 0 4 555
7 6 4 117
8 2 6 543
9 4 0 113
10 4 1 495
11 4 5 441
12 4 5 204
13 0 5 140
14 3 4 491
15 2 6 420
16 5 6 379
17 1 3 456
18 0 5 21
19 4 0 578
20 0 4 109
21 2 3 449
22 6 4 274
23 4 0 456
24 0 6 106
25 2 6 373
26 0 2 526
27 4 3 336
28 6 4 355
29 1 4 353
30 4 2 331
31 4 3 327
32 0 2 534
33 0 5 25
34 6 4 350
35 3 1 460
36 4 3 322
37 0 5 406
38 4 3 533
39 5 0 469
40 0 6 330
41 4 0 543
42 3 6 279
43 0 2 23
44 4 0 97
45 6 3 412
46 2 4 575
47 0 1 53
48 5 6 237
49 4 6 505

0.00 47.16 47.27 43.52 51.43 48.74 46.43
30.86 0.00 6.49 9.15 6.22 11.88 10.29
30.82 6.60 0.00 9.60 11.22 13.30 7.79
29.40 11.49 10.48 0.00 8.15 13.11 6.97
33.48 6.85 6.41 7.86 0.00 11.50 7.11
36.96 13.14 15.75 14.55 11.22 0.00 9.75
31.33 10.39 8.62 10.82 8.06 14.04 0.00

0.00 53.54 47.90 44.61 50.94 54.85 47.26
29.55 0.00 6.49 9.28 9.44 17.11 9.75
31.18 6.51 0.00 12.06 5.54 13.13 8.27
30.04 12.61 10.13 0.00 8.12 11.68 8.20
34.74 7.42 5.37 9.43 0.00 11.22 7.13
40.38 13.50 15.62 11.42 10.24 0.00 7.22
30.88 10.17 7.65 8.73 10.84 11.32 0.00

0.00 53.54 53.07 55.31 55.77 62.80 53.10
35.72 0.00 6.49 10.72 8.17 16.39 10.28
37.41 5.60 0.00 12.02 7.24 12.17 8.03
37.81 13.27 11.59 0.00 8.75 12.93 7.78
42.30 7.79 7.00 8.81 0.00 10.95 7.31
45.50 13.92 14.22 10.25 11.39 0.00 12.28
36.49 8.83 8.37 18.85 7.61 10.93 0.00

0.00 62.11 57.69 56.38 60.34 66.87 59.91
50.50 0.00 6.40 11.77 8.29 14.81 11.88
44.81 5.72 0.00 11.97 7.45 14.75 8.86
45.57 12.83 11.48 0.00 8.62 12.91 9.80
48.82 8.89 7.57 9.33 0.00 11.26 7.86
57.83 14.61 13.87 13.65 11.74 0.00 11.36
45.64 10.79 11.24 8.02 8.14 11.38 0.00

0.00 64.08 61.67 60.32 65.59 65.81 62.88
51.25 0.00 6.02 13.80 8.32 13.79 11.83
50.54 5.83 0.00 14.45 7.26 12.49 8.47
49.46 13.29 11.65 0.00 8.67 14.13 10.37
54.83 8.48 7.79 8.83 0.00 12.21 8.23
56.91 15.18 14.68 15.15 14.12 0.00 12.80
49.97 10.91 9.47 10.33 7.90 11.34 0.00

0.00 68.60 66.02 61.34 69.92 70.40 65.81
58.28 0.00 6.04 14.51 10.38 15.51 12.57
56.75 5.95 0.00 11.80 7.77 13.13 9.97
52.45 13.50 12.37 0.00 10.52 12.55 10.58
61.10 8.08 7.31 9.46 0.00 11.12 8.93
64.86 15.39 15.86 14.92 13.14 0.00 14.41
57.76 11.70 8.91 11.25 9.21 10.70 0.00

0.00 73.24 70.38 68.96 73.28 74.74 70.16
67.57 0.00 6.63 14.61 10.52 14.81 13.90
65.50 6.06 0.00 12.24 9.51 17.52 10.55
63.59 14.85 14.09 0.00 12.35 14.59 8.38
69.77 8.50 7.26 10.59 0.00 11.89 8.34
71.62 15.39 18.26 15.63 12.67 0.00 14.42
67.04 11.44 11.83 8.12 8.91 13.36 0.00

0.00 76.68 71.39 72.19 75.01 77.08 73.56
71.21 0.00 7.50 15.16 9.69 18.02 14.43
67.70 6.18 0.00 11.29 8.95 16.21 10.27
67.62 13.81 13.22 0.00 10.53 14.43 7.78
71.37 8.83 7.68 10.43 0.00 11.50 8.35
74.55 15.39 21.49 14.62 14.53 0.00 13.55
66.99 10.40 11.70 8.31 8.30 14.08 0.00

0.00 79.09 73.09 67.41 76.00 80.89 73.24
57.25 0.00 7.88 15.91 10.23 20.77 14.46
64.62 6.29 0.00 11.40 10.92 17.39 9.84
67.62 17.73 12.89 0.00 11.15 16.69 7.00
64.40 8.18 7.74 9.40 0.00 11.68 8.60
72.22 15.39 16.95 11.77 12.69 0.00 13.19
61.03 10.26 9.43 6.33 11.42 13.63 0.00

0.00 72.75 64.78 59.23 66.92 80.33 64.38
49.27 0.00 7.21 13.35 8.53 22.76 19.90
57.41 6.41 0.00 11.11 9.81 23.84 12.04
67.62 15.47 10.36 0.00 10.48 18.54 7.51
60.90 9.79 7.53 8.82 0.00 14.41 9.71
71.04 15.39 15.12 10.98 13.34 0.00 14.44
53.72 15.81 9.85 6.64 9.25 13.16 0.00

0.00 52.89 51.83 53.36 54.37 52.07 50.43
48.67 0.00 6.29 12.62 10.07 13.28 15.10
56.00 6.52 0.00 11.29 8.88 24.88 11.17
67.62 14.58 9.31 0.00 10.89 15.12 7.46
34.30 6.19 7.41 9.83 0.00 17.83 8.35
71.04 15.39 15.12 10.98 13.08 0.00 19.91
52.52 8.94 8.95 5.88 7.49 14.14 0.00

0.00 39.67 38.47 47.96 39.69 46.44 38.15
48.67 0.00 6.22 12.61 9.88 12.47 11.67
56.00 6.53 0.00 9.94 7.06 11.32 11.25
67.62 14.58 8.72 0.00 10.92 19.80 7.00
31.67 5.79 6.72 6.90 0.00 9.66 7.45
71.04 15.39 15.12 10.98 13.02 0.00 20.43
52.52 8.54 8.54 5.79 7.50 9.72 0.00

