100 12 7

0 3 6 125
1 3 5 495
2 0 4 77
3 3 4 285
4 4 6 56
5 0 3 437
6 4 2 139
7 6 3 73
8 3 5 396
9 4 2 596
10 3 6 70
11 2 5 94
12 3 6 289
13 4 3 495
14 1 4 422
15 0 4 508
16 4 3 51
17 4 6 190
18 4 1 435
19 1 0 469
20 4 1 196
21 0 4 243
22 4 2 481
23 0 4 91
24 6 1 575
25 3 1 370
26 2 6 387
27 4 5 78
28 0 4 543
29 5 4 427
30 2 6 43
31 1 4 308
32 0 2 199
33 2 6 125
34 2 6 73
35 3 6 356
36 4 0 225
37 2 0 56
38 0 4 212
39 2 4 216
40 6 5 558
41 0 6 519
42 3 5 455
43 0 2 474
44 0 1 264
45 5 6 475
46 4 6 196
47 3 6 377
48 6 3 468
49 0 2 513
50 0 4 111
51 2 0 244
52 6 4 352
53 4 1 375
54 5 3 28
55 2 5 225
56 4 6 177
57 0 4 0
58 6 4 453
59 4 0 229
60 3 4 210
61 6 3 538
62 4 6 261
63 4 2 543
64 5 6 168
65 4 3 236
66 3 4 533
67 1 6 407
68 0 2 460
69 0 3 591
70 4 3 125
71 5 4 186
72 4 6 256
73 4 2 517
74 2 3 73
75 1 6 77
76 2 4 291
77 6 4 242
78 2 5 298
79 2 6 57
80 3 6 371
81 0 2 239
82 3 2 410
83 0 6 229
84 6 4 169
85 0 2 574
86 2 5 222
87 4 3 272
88 0 3 414
89 4 2 420
90 0 6 357
91 2 3 596
92 4 3 116
93 0 2 485
94 4 3 513
95 0 4 189
96 0 4 17
97 4 3 91
98 2 0 384
99 0 6 571

0.00 35.58 24.15 26.03 36.67 26.41 30.59
30.52 0.00 11.47 10.97 5.62 0.00 7.65
21.05 5.70 0.00 6.57 5.83 18.88 8.84
0.00 11.92 9.76 0.00 8.43 10.96 6.87
25.19 5.60 8.04 12.13 0.00 10.05 6.08
39.32 15.68 10.71 9.36 10.48 0.00 11.06
22.75 8.03 25.74 9.72 7.83 9.55 0.00

0.00 39.04 35.03 26.03 34.82 26.93 31.39
30.52 0.00 11.47 10.97 5.62 0.00 7.69
23.96 5.70 0.00 6.87 5.83 18.88 8.84
0.00 11.84 9.76 0.00 9.12 10.87 7.13
25.28 5.60 7.96 12.13 0.00 10.05 6.74
39.32 15.68 10.71 9.36 10.48 0.00 11.06
23.32 8.03 25.74 8.59 7.80 9.55 0.00

0.00 42.50 42.29 26.03 40.63 33.23 39.72
30.52 0.00 11.47 10.94 5.62 0.00 8.16
28.16 5.70 0.00 9.71 5.82 17.85 8.76
0.00 11.35 9.74 0.00 9.46 10.25 9.35
29.50 5.80 7.08 11.28 0.00 10.39 7.38
40.59 15.68 10.71 9.71 10.60 0.00 11.06
31.61 8.03 25.74 7.46 7.99 9.55 0.00

0.00 45.97 45.93 30.31 50.09 37.79 40.54
30.52 0.00 11.47 10.79 5.62 0.00 8.63
34.93 5.70 0.00 9.58 6.01 13.19 8.37
0.00 12.94 10.09 0.00 8.62 11.57 8.40
36.64 6.62 6.97 7.64 0.00 11.67 6.53
48.33 15.68 11.29 11.79 11.31 0.00 11.01
43.27 8.03 20.97 8.37 12.15 10.13 0.00

0.00 49.43 50.31 47.41 56.23 43.10 43.72
30.52 0.00 11.47 10.64 6.30 0.00 9.10
32.28 5.69 0.00 11.45 7.94 12.44 8.11
0.00 13.86 10.91 0.00 9.34 10.68 9.10
35.60 6.25 7.48 7.82 0.00 11.54 7.72
54.37 15.23 13.04 13.31 11.71 0.00 10.80
43.27 8.77 10.52 10.82 13.35 11.33 0.00

0.00 52.90 55.87 52.19 58.69 53.84 52.71
30.52 0.00 11.47 9.97 7.55 0.00 8.33
38.77 5.68 0.00 11.20 9.08 11.01 8.11
0.00 12.91 11.40 0.00 10.33 10.00 8.93
38.63 6.36 7.31 7.40 0.00 11.67 8.29
56.59 13.90 12.69 13.44 13.18 0.00 11.14
43.27 10.29 12.81 6.85 9.15 12.16 0.00

0.00 56.36 56.07 51.57 60.08 52.71 53.09
30.52 0.00 11.47 8.57 7.73 0.00 7.98
43.83 5.66 0.00 10.63 8.08 11.97 8.66
0.00 12.74 12.93 0.00 10.45 10.60 9.69
43.58 7.91 7.51 7.68 0.00 10.35 7.12
58.80 13.85 14.12 13.32 13.44 0.00 10.72
43.27 10.83 11.14 6.72 9.95 13.13 0.00

0.00 57.29 55.67 54.56 60.03 54.18 53.46
30.52 0.00 11.47 12.39 6.94 0.00 9.76
45.53 5.65 0.00 12.70 8.40 14.47 9.94
0.00 14.06 14.00 0.00 10.60 12.21 9.13
41.51 11.65 8.17 9.67 0.00 11.97 8.40
59.73 15.09 15.64 13.32 10.73 0.00 11.92
43.27 11.38 13.19 8.46 9.99 11.69 0.00

0.00 59.21 58.40 57.36 63.07 59.46 58.82
30.52 0.00 11.27 14.20 7.48 0.00 11.02
47.23 5.65 0.00 15.01 10.63 15.25 10.69
0.00 13.47 14.80 0.00 11.00 12.75 8.58
41.30 11.27 7.75 9.89 0.00 12.32 9.51
59.73 15.50 15.71 13.32 11.05 0.00 12.99
43.27 14.55 10.84 8.06 9.37 16.40 0.00

0.00 60.04 62.79 55.21 62.86 57.61 52.58
30.52 0.00 10.80 13.93 8.93 0.00 9.27
42.96 5.65 0.00 14.27 8.81 14.23 10.50
0.00 13.08 15.85 0.00 14.34 12.75 7.31
60.80 8.32 8.32 10.48 0.00 11.65 9.30
59.73 15.50 15.81 13.32 12.51 0.00 10.45
43.27 20.12 9.61 6.28 8.42 21.69 0.00

0.00 60.04 45.84 36.85 51.94 52.42 38.70
30.52 0.00 10.27 13.93 8.95 0.00 13.88
41.88 5.65 0.00 13.20 9.54 12.89 9.89
0.00 13.08 12.27 0.00 18.62 12.75 13.85
65.08 8.55 8.83 9.80 0.00 11.56 9.55
59.73 15.50 15.81 13.32 7.61 0.00 9.81
43.27 12.46 9.98 8.28 6.67 22.43 0.00

0.00 60.04 37.42 35.09 35.17 34.25 32.01
30.52 0.00 9.73 13.93 8.93 0.00 14.38
41.88 5.65 0.00 10.03 7.44 14.77 12.41
0.00 13.08 11.10 0.00 11.00 12.75 14.52
65.08 7.27 8.94 8.61 0.00 11.56 7.38
59.73 15.50 15.81 13.32 7.09 0.00 9.80
43.27 11.59 7.84 6.02 7.42 22.43 0.00

