100 12 7

0 4 3 532
1 5 0 337
2 3 0 414
3 6 3 219
4 4 1 418
5 4 3 344
6 4 5 303
7 5 0 425
8 4 3 160
9 5 6 282
10 3 6 448
11 6 1 599
12 6 4 146
13 5 0 497
14 4 5 506
15 0 5 108
16 2 4 238
17 4 2 422
18 6 3 171
19 1 3 492
20 3 4 596
21 4 2 589
22 4 1 514
23 3 2 495
24 6 3 423
25 1 3 576
26 0 5 266
27 3 4 596
28 2 6 410
29 0 6 570
30 4 1 348
31 1 5 316
32 1 5 160
33 5 3 407
34 6 0 477
35 5 1 149
36 4 6 451
37 4 1 593
38 0 6 67
39 1 4 320
40 4 6 545
41 3 4 159
42 3 1 217
43 5 6 164
44 5 4 595
45 0 1 405
46 4 1 478
47 1 5 168
48 6 4 152
49 1 0 491
50 1 3 257
51 3 5 320
52 3 1 194
53 0 2 7
54 6 1 169
55 4 3 179
56 0 1 76
57 1 4 352
58 0 4 161
59 4 3 430
60 0 1 326
61 5 6 513
62 0 6 311
63 2 0 467
64 0 2 484
65 6 2 163
66 3 2 152
67 2 5 545
68 5 0 485
69 1 6 591
70 4 1 532
71 0 4 401
72 6 4 283
73 2 4 378
74 2 5 580
75 5 6 593
76 2 4 428
77 2 4 112
78 3 4 346
79 6 0 128
80 1 6 479
81 4 0 198
82 2 0 209
83 0 3 474
84 2 0 84
85 4 3 113
86 4 6 409
87 1 6 495
88 6 5 305
89 3 4 524
90 4 2 385
91 6 4 599
92 4 6 454
93 5 0 593
94 6 0 212
95 2 6 122
96 4 1 591
97 5 0 88
98 0 3 289
99 6 0 308

0.00 80.39 57.41 79.84 71.29 77.03 73.20
49.64 0.00 8.20 12.09 7.33 12.51 10.31
48.04 7.56 0.00 10.11 8.52 15.60 7.65
26.71 12.90 11.94 0.00 9.47 12.58 6.96
53.89 7.01 7.51 9.75 0.00 11.80 8.15
48.11 11.87 17.14 12.38 12.13 0.00 11.54
46.73 10.50 10.75 7.17 7.54 9.84 0.00

0.00 64.52 53.36 51.82 55.64 54.28 53.30
57.18 0.00 8.20 13.42 7.37 12.44 9.94
46.69 7.47 0.00 8.29 6.98 16.04 8.27
26.71 14.58 11.61 0.00 9.67 11.77 8.73
45.03 7.82 7.68 9.58 0.00 12.59 7.83
43.20 17.99 17.14 12.64 9.37 0.00 12.14
42.05 9.44 10.56 8.40 9.26 11.04 0.00

0.00 57.37 50.69 50.66 49.09 48.10 49.75
32.19 0.00 8.31 11.53 8.19 11.80 10.20
42.52 6.38 0.00 10.65 7.13 20.08 9.62
26.73 13.75 12.36 0.00 10.02 13.03 9.23
42.31 7.71 7.12 10.01 0.00 11.89 7.72
46.42 15.04 16.12 13.63 10.14 0.00 14.86
43.53 10.39 8.69 6.56 7.32 12.17 0.00

0.00 48.27 48.42 57.17 38.63 43.67 44.62
33.73 0.00 10.05 13.00 10.10 12.19 10.62
39.93 6.69 0.00 12.55 6.50 16.32 8.90
28.14 12.45 11.40 0.00 10.50 12.31 7.06
43.69 7.68 6.31 9.80 0.00 10.95 7.40
48.11 14.61 12.05 14.13 10.32 0.00 10.92
40.23 10.49 9.07 9.45 8.58 12.18 0.00

0.00 38.89 37.61 50.48 39.36 41.41 39.46
35.44 0.00 14.08 13.17 8.27 13.73 10.14
40.71 9.97 0.00 10.20 7.22 11.81 8.43
33.26 13.81 11.64 0.00 10.47 13.79 7.29
44.46 8.06 6.98 9.07 0.00 10.82 7.40
50.29 18.12 14.08 13.51 10.94 0.00 11.36
42.58 9.77 9.61 8.13 8.81 12.06 0.00

0.00 41.49 36.96 37.10 38.17 44.60 37.43
49.54 0.00 16.24 11.88 7.72 14.43 10.44
51.84 10.84 0.00 9.96 6.78 13.87 8.33
44.13 12.76 11.84 0.00 11.23 12.20 7.88
50.27 7.65 7.07 8.79 0.00 10.96 7.12
58.04 17.35 15.21 13.58 12.15 0.00 9.32
51.78 11.37 9.13 6.14 8.22 12.79 0.00

0.00 44.53 41.68 32.66 44.28 48.20 42.07
61.26 0.00 14.14 12.06 8.02 14.65 10.67
64.18 11.71 0.00 9.82 7.49 13.87 8.42
56.80 13.94 11.65 0.00 9.90 10.76 8.27
63.39 6.92 7.13 8.12 0.00 10.06 7.84
67.90 14.21 15.07 16.62 12.39 0.00 10.32
64.50 11.70 8.34 6.77 9.06 12.06 0.00

0.00 50.56 49.18 44.56 51.69 50.97 50.54
69.70 0.00 7.78 14.89 8.34 14.70 12.33
70.98 10.79 0.00 11.20 7.65 14.45 9.14
65.08 15.35 12.39 0.00 10.08 11.25 7.77
74.66 8.07 7.12 9.10 0.00 10.47 7.72
78.05 14.70 15.88 17.14 12.54 0.00 14.43
71.67 11.16 10.03 7.77 9.33 11.25 0.00

0.00 64.63 53.55 56.42 56.50 53.61 54.67
72.90 0.00 6.44 16.59 8.22 15.02 13.27
68.48 8.58 0.00 15.09 7.26 13.74 10.76
76.26 15.59 14.51 0.00 13.23 11.74 9.27
67.13 8.77 7.91 10.74 0.00 11.38 8.44
80.34 15.19 17.37 15.82 12.21 0.00 12.65
68.10 13.43 12.24 7.84 9.67 13.24 0.00

0.00 49.76 57.39 47.43 54.02 55.01 58.83
72.90 0.00 7.99 13.28 8.00 16.56 10.36
54.04 6.37 0.00 12.11 9.48 15.53 11.02
79.21 14.07 14.22 0.00 13.17 11.83 10.03
63.64 8.04 7.92 9.48 0.00 10.62 7.95
64.82 13.86 14.67 15.53 11.98 0.00 11.29
59.07 13.93 12.55 7.74 9.68 11.67 0.00

0.00 44.81 41.01 33.51 40.15 46.89 40.68
72.90 0.00 9.67 10.78 7.09 15.07 9.72
51.17 6.00 0.00 8.78 8.09 11.73 8.88
79.21 13.75 14.02 0.00 11.06 10.95 8.38
63.63 7.89 6.64 8.31 0.00 10.61 10.59
61.42 13.54 14.45 15.24 13.54 0.00 11.29
57.45 10.86 8.35 6.72 8.32 11.51 0.00

0.00 37.17 27.93 24.48 32.94 31.11 29.35
72.90 0.00 9.81 10.61 13.06 12.90 9.10
51.17 6.00 0.00 7.65 6.70 11.40 7.83
79.21 13.75 14.02 0.00 8.80 7.50 6.03
63.63 7.89 6.82 7.98 0.00 11.44 6.04
61.42 13.54 15.01 15.22 16.44 0.00 11.29
57.45 10.56 7.84 6.21 8.04 10.60 0.00

