200 12 7

0 0 5 25
1 3 1 287
2 3 1 556
3 2 0 433
4 4 0 172
5 0 1 451
6 5 0 228
7 4 1 116
8 6 3 494
9 6 4 564
10 2 3 412
11 6 5 403
12 2 0 358
13 3 4 143
14 0 4 342
15 2 6 133
16 6 1 395
17 6 4 564
18 1 4 259
19 1 0 416
20 2 0 227
21 0 2 435
22 6 4 67
23 4 2 239
24 5 4 443
25 2 4 467
26 3 0 526
27 3 1 426
28 1 3 270
29 6 0 521
30 3 4 409
31 0 2 527
32 6 5 321
33 1 0 194
34 3 2 153
35 6 1 419
36 4 0 551
37 3 4 238
38 2 5 185
39 4 0 343
40 4 5 70
41 2 4 511
42 6 0 291
43 5 2 585
44 5 1 536
45 1 5 241
46 6 5 135
47 6 1 73
48 3 5 497
49 1 0 234
50 4 3 228
51 0 5 329
52 0 5 48
53 2 3 584
54 0 2 155
55 6 1 268
56 0 1 126
57 6 2 572
58 3 0 323
59 0 3 208
60 1 3 210
61 6 2 553
62 1 3 345
63 6 4 230
64 4 0 383
65 0 4 32
66 5 0 166
67 5 1 150
68 2 3 327
69 4 6 183
70 2 0 433
71 4 5 63
72 1 3 592
73 2 3 137
74 4 5 556
75 1 3 326
76 1 3 207
77 4 6 450
78 3 1 59
79 1 4 202
80 3 1 435
81 4 0 587
82 5 6 319
83 4 3 438
84 4 3 123
85 2 3 175
86 3 2 320
87 5 0 368
88 1 3 503
89 6 3 230
90 4 0 201
91 4 1 202
92 1 2 516
93 4 1 51
94 4 0 346
95 3 0 577
96 0 3 42
97 6 5 361
98 4 2 192
99 1 0 444
100 1 0 412
101 1 0 404
102 0 4 418
103 2 4 147
104 2 3 325
105 6 2 319
106 2 5 25
107 3 5 185
108 5 6 565
109 3 4 51
110 6 5 447
111 1 0 119
112 4 3 305
113 0 5 427
114 0 1 585
115 3 2 67
116 0 3 74
117 0 3 274
118 1 4 277
119 4 2 64
120 3 4 528
121 1 6 589
122 6 0 344
123 3 0 13
124 6 2 498
125 6 0 124
126 0 3 258
127 2 3 412
128 1 0 314
129 2 4 502
130 6 4 112
131 4 3 28
132 4 0 537
133 3 1 447
134 1 6 14
135 3 2 377
136 4 3 536
137 1 2 178
138 0 4 290
139 4 0 16
140 4 0 41
141 6 0 180
142 6 3 116
143 1 3 101
144 1 3 35
145 2 6 233
146 4 6 583
147 5 4 508
148 0 3 247
149 3 2 555
150 1 6 194
151 1 4 138
152 6 2 103
153 1 0 363
154 6 4 516
155 4 6 125
156 0 2 377
157 6 2 318
158 3 0 292
159 0 4 510
160 2 3 446
161 6 2 233
162 0 4 431
163 6 5 243
164 1 4 251
165 6 2 355
166 6 4 54
167 1 3 360
168 4 2 184
169 3 4 510
170 6 2 98
171 0 2 243
172 1 0 56
173 6 5 71
174 1 4 228
175 1 5 511
176 4 5 567
177 0 2 124
178 2 3 338
179 3 4 55
180 0 6 143
181 1 0 248
182 4 6 600
183 2 3 63
184 0 6 355
185 1 0 408
186 0 4 520
187 3 1 515
188 4 2 193
189 1 0 334
190 1 3 114
191 0 1 200
192 3 1 71
193 2 5 465
194 0 5 84
195 3 0 547
196 2 4 11
197 3 1 398
198 6 0 246
199 6 5 165

0.00 11.26 8.86 8.33 7.74 26.86 40.51
11.93 0.00 5.67 13.67 8.13 13.09 37.23
8.90 7.00 0.00 10.82 7.23 15.14 44.06
7.62 12.58 11.13 0.00 8.68 12.57 32.91
7.53 6.48 6.21 8.56 0.00 10.43 41.37
13.15 15.91 14.31 14.10 16.64 0.00 37.18
56.62 35.73 62.27 59.41 59.80 57.22 0.00

0.00 11.95 9.69 8.08 8.19 25.50 28.29
10.17 0.00 5.68 11.87 7.13 11.81 37.23
9.14 6.84 0.00 11.61 6.93 15.14 34.35
7.61 14.64 11.72 0.00 9.18 13.67 32.71
7.91 7.34 6.75 8.86 0.00 11.06 30.28
10.91 14.73 14.31 13.54 8.64 0.00 36.51
39.51 35.47 39.32 40.44 42.46 42.12 0.00

0.00 9.67 8.36 8.36 7.15 11.49 25.90
10.66 0.00 5.79 11.11 7.69 10.53 37.23
8.08 5.64 0.00 10.28 5.34 15.14 26.44
7.86 13.69 12.07 0.00 8.71 12.96 30.33
6.95 7.86 6.34 7.86 0.00 11.55 27.62
10.07 13.37 14.31 12.98 10.43 0.00 30.02
29.00 32.32 30.57 29.57 33.84 30.83 0.00

0.00 9.99 8.47 11.61 7.06 10.92 26.17
10.65 0.00 5.91 11.20 7.35 10.39 37.23
8.29 8.26 0.00 10.09 6.45 15.14 28.37
7.76 11.53 11.60 0.00 8.50 14.39 28.42
6.88 7.78 5.96 7.94 0.00 10.91 28.95
9.22 11.89 14.31 13.52 7.35 0.00 31.80
28.91 30.81 30.98 29.63 31.42 30.71 0.00

0.00 11.28 8.64 8.39 7.41 13.48 28.42
9.39 0.00 6.03 11.20 7.61 12.79 35.47
9.08 8.65 0.00 10.02 7.20 14.30 30.20
6.56 12.94 11.09 0.00 8.68 14.19 29.12
7.06 7.93 6.33 7.56 0.00 10.08 33.39
11.29 12.65 14.31 14.94 9.50 0.00 34.87
31.23 34.84 36.63 32.04 34.16 33.88 0.00

0.00 9.22 7.40 7.29 7.24 11.36 31.61
9.73 0.00 6.16 11.74 7.43 13.15 34.80
8.23 7.15 0.00 9.63 9.09 13.35 29.82
7.83 11.95 12.43 0.00 9.43 14.41 34.14
6.85 8.52 7.23 7.68 0.00 10.73 37.18
13.72 13.21 14.31 12.78 10.45 0.00 39.57
33.29 35.44 36.42 33.99 36.20 38.74 0.00

0.00 9.60 7.77 6.24 6.99 11.36 36.97
10.31 0.00 6.28 11.32 7.42 16.06 40.56
8.20 9.23 0.00 8.86 10.91 12.19 37.17
7.92 11.30 11.84 0.00 8.90 16.55 41.90
7.01 6.60 7.56 7.61 0.00 11.81 40.38
11.72 12.25 14.31 12.13 10.38 0.00 42.97
38.34 37.97 37.27 36.38 39.31 41.46 0.00

0.00 10.52 8.53 6.79 7.48 11.20 43.28
12.02 0.00 6.20 12.82 10.29 18.42 47.67
9.32 11.31 0.00 10.39 8.50 12.42 42.23
6.77 11.86 10.97 0.00 9.10 15.02 47.03
7.89 6.64 7.85 8.09 0.00 11.24 45.84
13.56 11.22 14.31 13.16 11.59 0.00 46.37
44.72 47.84 43.27 37.99 46.53 49.07 0.00

0.00 11.24 9.53 7.35 7.93 11.79 43.50
12.50 0.00 9.95 16.78 10.02 17.71 41.23
10.86 9.75 0.00 13.07 8.21 13.77 44.04
6.86 12.77 12.43 0.00 11.81 12.37 43.37
8.38 8.47 7.93 8.84 0.00 10.78 45.69
13.19 11.22 13.93 11.80 12.17 0.00 47.50
52.48 51.86 53.05 39.60 54.91 57.02 0.00

0.00 11.36 8.85 7.53 7.67 11.45 34.20
15.17 0.00 7.22 15.10 10.75 25.99 37.81
13.16 6.36 0.00 11.54 8.72 14.31 44.62
8.42 10.60 11.32 0.00 10.41 12.22 36.27
7.58 9.10 7.04 7.56 0.00 11.27 44.24
11.96 11.22 13.38 11.00 13.41 0.00 47.50
51.78 52.77 52.89 48.18 54.57 58.64 0.00

0.00 8.90 7.82 6.31 9.30 9.99 28.85
15.80 0.00 6.30 10.55 7.88 27.88 37.81
8.72 5.80 0.00 7.56 12.41 14.86 44.62
7.31 10.07 10.96 0.00 8.88 12.48 29.18
8.49 9.12 6.27 8.62 0.00 11.96 44.09
11.77 11.22 13.28 11.00 13.69 0.00 47.50
40.55 45.87 41.32 39.09 44.68 45.80 0.00

0.00 10.50 17.64 6.18 6.02 10.89 28.50
15.80 0.00 6.30 10.16 7.56 27.88 37.81
8.23 5.80 0.00 7.44 6.34 9.50 44.62
8.00 10.07 10.96 0.00 8.58 10.40 22.07
6.75 9.12 7.24 7.04 0.00 14.65 44.09
11.77 11.22 13.28 11.00 13.69 0.00 47.50
30.24 45.17 31.73 25.99 33.51 33.72 0.00

