50 12 7

0 3 4 424
1 0 6 372
2 0 2 584
3 0 5 127
4 5 4 473
5 0 5 359
6 3 4 348
7 4 0 551
8 2 6 479
9 4 3 410
10 6 3 594
11 2 6 86
12 3 5 25
13 4 0 355
14 0 6 376
15 4 6 153
16 2 6 182
17 5 4 283
18 4 6 218
19 5 3 569
20 0 4 439
21 0 4 558
22 0 5 20
23 4 5 194
24 5 3 192
25 0 4 123
26 4 6 356
27 4 0 565
28 3 4 427
29 3 2 97
30 4 6 553
31 2 0 571
32 0 2 193
33 0 2 288
34 4 3 83
35 2 6 311
36 0 2 502
37 0 5 542
38 4 6 553
39 2 0 367
40 1 0 300
41 4 6 30
42 0 6 402
43 2 0 277
44 2 6 469
45 0 2 334
46 1 0 135
47 0 2 62
48 0 5 129
49 0 2 433

0.00 43.14 23.53 22.07 22.97 25.78 23.17
45.39 0.00 0.00 0.00 7.52 0.00 0.00
21.34 0.00 0.00 6.74 6.55 12.60 7.69
41.04 9.03 9.23 0.00 8.72 12.66 6.05
23.76 0.00 5.60 6.56 0.00 10.44 6.25
24.88 0.00 15.26 13.91 20.83 0.00 11.17
35.48 7.84 9.33 6.00 6.55 13.24 0.00

0.00 43.14 33.96 22.23 24.41 25.96 29.17
45.39 0.00 0.00 0.00 7.52 0.00 0.00
21.73 0.00 0.00 6.81 6.56 12.60 7.69
41.04 9.03 9.23 0.00 8.72 12.40 6.02
26.49 0.00 12.59 7.04 0.00 10.44 7.32
25.21 0.00 15.26 13.91 20.83 0.00 11.17
23.03 7.84 9.33 6.00 6.55 13.24 0.00

0.00 43.14 30.06 24.14 27.15 28.69 26.55
45.39 0.00 0.00 0.00 7.52 0.00 0.00
25.52 0.00 0.00 7.61 6.73 12.80 7.67
41.04 9.61 9.48 0.00 8.53 10.59 6.84
30.49 0.00 17.28 7.89 0.00 10.48 8.21
29.49 0.00 15.26 13.91 20.45 0.00 11.17
26.81 7.84 9.33 6.03 6.55 13.24 0.00

0.00 43.14 27.48 27.06 29.40 32.68 27.07
45.39 0.00 0.00 0.00 7.52 0.00 0.00
30.86 0.00 0.00 8.41 7.29 14.13 8.07
41.04 11.72 10.76 0.00 7.79 15.45 13.63
33.38 0.00 10.51 9.91 0.00 10.61 8.00
34.93 0.00 15.25 13.91 18.12 0.00 11.17
30.65 7.84 9.33 6.20 6.68 13.24 0.00

0.00 43.14 28.67 33.00 32.12 32.57 27.83
45.39 0.00 0.00 0.00 7.52 0.00 0.00
34.39 0.00 0.00 9.42 8.56 14.24 8.78
38.42 10.40 10.68 0.00 8.71 16.21 13.75
37.98 0.00 6.23 7.82 0.00 10.36 7.62
40.38 0.00 15.24 13.91 15.80 0.00 11.17
34.03 7.84 9.33 6.37 6.33 13.24 0.00

0.00 43.14 31.80 38.95 35.68 33.23 30.10
44.09 0.00 0.00 0.00 7.52 0.00 0.00
39.28 0.00 0.00 10.04 8.67 14.80 7.58
33.83 10.40 10.17 0.00 9.20 12.12 7.16
39.22 0.00 6.62 7.84 0.00 9.91 6.81
45.83 0.00 14.68 14.00 13.48 0.00 12.31
35.22 7.84 8.73 6.55 6.11 13.24 0.00

0.00 43.14 35.89 35.69 38.07 37.73 34.35
42.54 0.00 0.00 0.00 7.52 0.00 0.00
37.80 0.00 0.00 10.37 8.36 16.63 8.26
33.83 10.40 11.25 0.00 8.35 12.74 6.75
39.68 0.00 6.61 7.57 0.00 9.47 6.79
47.04 0.00 15.24 14.38 11.16 0.00 12.95
35.08 7.84 7.30 6.72 6.87 13.24 0.00

0.00 43.14 37.94 31.30 39.82 42.19 36.84
42.54 0.00 0.00 0.00 7.52 0.00 0.00
40.67 0.00 0.00 9.56 6.94 14.33 10.42
33.83 10.40 10.81 0.00 7.51 12.19 5.83
40.27 0.00 6.59 8.36 0.00 11.48 10.95
51.53 0.00 16.19 13.73 11.79 0.00 12.34
39.49 7.84 6.44 6.89 11.30 13.24 0.00

0.00 43.14 36.79 31.14 39.64 40.53 36.11
42.54 0.00 0.00 0.00 7.52 0.00 0.00
36.77 0.00 0.00 11.87 8.02 13.23 8.22
33.83 10.40 9.27 0.00 7.17 11.79 5.99
38.33 0.00 6.04 9.38 0.00 12.74 11.04
48.09 0.00 13.40 14.57 11.43 0.00 12.51
38.32 7.84 7.57 18.10 17.00 13.24 0.00

0.00 36.29 35.89 30.23 36.88 37.25 34.17
42.54 0.00 0.00 0.00 7.52 0.00 0.00
34.87 0.00 0.00 13.02 7.30 12.74 8.08
33.83 10.40 8.88 0.00 7.17 11.47 6.18
37.55 0.00 6.25 9.66 0.00 12.74 8.46
45.57 0.00 12.37 12.23 10.95 0.00 13.54
36.92 7.84 6.80 22.28 21.42 13.24 0.00

0.00 27.16 30.56 30.08 32.70 32.78 30.06
42.54 0.00 0.00 0.00 7.52 0.00 0.00
34.87 0.00 0.00 13.02 6.61 12.25 6.31
33.83 10.40 8.88 0.00 7.17 11.15 6.37
37.55 0.00 6.34 9.66 0.00 12.74 8.79
45.57 0.00 12.37 11.60 10.95 0.00 13.75
36.92 7.84 6.52 22.28 25.83 13.24 0.00

0.00 26.39 26.77 30.08 28.10 30.91 25.09
42.54 0.00 0.00 0.00 7.52 0.00 0.00
34.87 0.00 0.00 13.02 6.83 12.21 6.11
33.83 10.40 8.88 0.00 7.17 10.83 6.38
37.55 0.00 6.34 9.66 0.00 12.74 8.87
45.57 0.00 12.37 11.60 10.95 0.00 13.75
36.92 7.84 6.52 22.28 26.20 13.24 0.00

