100 12 7

0 2 0 330
1 3 2 326
2 4 0 62
3 2 3 261
4 6 2 224
5 2 0 294
6 5 0 498
7 6 2 333
8 5 1 441
9 4 3 264
10 5 3 240
11 2 6 416
12 0 3 572
13 5 1 472
14 0 3 236
15 2 0 506
16 5 0 210
17 6 3 82
18 2 1 430
19 3 0 353
20 2 3 533
21 5 2 84
22 6 0 531
23 0 4 439
24 5 2 193
25 5 6 549
26 6 3 538
27 0 2 280
28 5 0 36
29 5 4 162
30 1 4 228
31 2 6 518
32 2 5 263
33 3 2 523
34 1 0 261
35 5 6 111
36 2 1 519
37 6 5 471
38 6 1 478
39 6 5 131
40 4 0 247
41 5 0 390
42 0 6 304
43 2 6 276
44 1 2 493
45 2 5 27
46 0 2 503
47 2 6 126
48 6 2 501
49 0 6 24
50 4 1 258
51 2 4 514
52 0 5 321
53 6 5 410
54 0 3 267
55 5 6 484
56 1 0 361
57 3 4 85
58 0 5 408
59 0 4 449
60 1 0 250
61 3 5 357
62 1 2 556
63 0 6 297
64 3 5 241
65 5 2 38
66 0 5 429
67 2 5 324
68 0 5 401
69 1 3 307
70 2 0 469
71 6 4 65
72 0 2 139
73 0 5 523
74 5 3 483
75 5 2 165
76 5 3 189
77 5 1 572
78 5 4 275
79 6 4 123
80 1 0 437
81 4 6 27
82 4 0 118
83 1 3 115
84 3 2 480
85 1 3 581
86 0 6 9
87 4 3 589
88 6 4 59
89 5 0 169
90 0 2 436
91 6 1 162
92 3 5 40
93 3 1 399
94 2 5 87
95 0 3 499
96 5 2 595
97 5 1 153
98 6 0 439
99 1 4 238

0.00 9.23 22.15 9.93 12.33 8.21 45.51
7.72 0.00 5.90 13.47 17.58 10.15 41.73
6.74 10.92 0.00 13.52 15.79 8.34 41.17
9.12 12.70 11.74 0.00 11.46 7.58 35.55
14.26 11.68 17.34 15.69 0.00 13.07 52.29
9.67 11.26 10.11 7.32 12.37 0.00 32.96
64.38 73.71 60.86 66.20 63.89 63.18 0.00

0.00 6.65 7.77 9.08 13.13 8.43 38.49
8.45 0.00 5.90 14.56 16.89 10.00 35.42
6.50 10.62 0.00 12.49 17.59 8.90 39.76
10.01 13.67 12.62 0.00 14.86 7.73 36.07
10.63 17.54 17.34 13.15 0.00 12.47 43.80
9.36 10.88 11.33 7.43 14.12 0.00 34.88
57.15 56.22 56.77 49.52 58.75 53.43 0.00

0.00 7.38 9.01 10.59 12.44 7.83 32.43
7.84 0.00 5.90 11.47 14.90 10.51 32.35
6.71 7.45 0.00 15.00 16.41 7.99 31.79
9.53 13.63 11.42 0.00 13.88 8.41 42.35
12.36 13.25 17.34 12.67 0.00 15.40 41.08
8.60 11.05 10.42 8.21 14.71 0.00 30.29
52.85 51.09 50.72 50.07 54.93 50.10 0.00

0.00 8.11 10.44 11.64 12.02 7.80 37.74
7.79 0.00 5.81 11.38 13.98 11.14 41.58
11.39 6.79 0.00 11.59 16.29 8.56 35.81
10.52 13.55 11.28 0.00 14.72 9.38 44.84
14.56 12.96 18.20 12.20 0.00 14.15 44.44
9.29 10.11 8.76 9.26 12.66 0.00 36.07
50.13 48.18 48.34 44.92 52.31 48.04 0.00

0.00 8.26 7.19 9.83 12.71 7.71 43.20
8.36 0.00 6.91 12.85 14.75 11.19 43.64
17.40 6.13 0.00 13.76 15.42 8.40 40.56
10.69 13.08 11.58 0.00 16.09 8.12 39.47
17.29 14.45 19.77 11.84 0.00 16.86 48.18
8.93 9.77 9.49 6.61 12.59 0.00 40.41
53.16 51.52 51.67 46.87 57.69 50.38 0.00

0.00 8.59 8.09 8.55 12.73 7.68 52.68
8.98 0.00 8.46 12.34 12.72 11.86 54.56
8.44 5.63 0.00 11.32 15.64 9.51 48.14
9.56 12.73 11.38 0.00 13.65 7.90 46.43
17.36 15.88 19.05 12.97 0.00 18.85 56.65
8.18 9.40 8.91 7.36 13.56 0.00 48.48
56.17 55.36 52.78 45.52 59.09 51.47 0.00

0.00 7.74 8.12 9.27 13.48 8.09 64.70
9.37 0.00 6.58 13.92 19.42 11.53 61.33
10.17 5.34 0.00 11.11 15.47 9.98 59.30
10.12 15.83 12.45 0.00 15.23 9.18 63.03
16.99 17.57 20.30 15.60 0.00 16.13 70.24
9.09 10.40 9.63 7.86 12.76 0.00 58.72
59.27 57.49 55.36 49.21 65.86 54.03 0.00

0.00 8.85 7.19 10.29 17.86 8.99 68.73
9.54 0.00 6.61 15.32 22.05 14.42 64.67
11.52 5.83 0.00 11.83 15.27 11.59 64.43
11.64 18.00 13.87 0.00 20.71 10.99 71.63
18.70 17.95 22.37 17.72 0.00 17.74 77.21
10.02 11.69 11.31 7.32 14.06 0.00 66.73
63.06 63.01 59.07 54.55 67.07 60.24 0.00

0.00 10.48 7.95 11.15 21.57 10.39 62.79
9.55 0.00 7.05 17.06 30.16 16.54 67.27
11.03 6.19 0.00 13.20 23.32 12.37 61.80
12.87 19.51 17.30 0.00 20.68 10.46 64.60
27.72 21.89 26.38 20.33 0.00 19.37 79.58
10.85 14.34 12.12 8.09 17.62 0.00 63.82
66.13 64.06 63.28 50.27 60.32 63.88 0.00

0.00 8.03 8.76 10.13 24.39 9.77 47.31
10.27 0.00 7.01 15.88 29.07 14.94 67.77
10.03 6.21 0.00 12.14 35.34 11.38 51.41
11.81 16.85 13.58 0.00 24.18 8.07 61.79
23.48 16.20 23.57 18.56 0.00 22.78 80.01
10.04 14.87 12.11 6.93 13.00 0.00 52.59
61.92 59.64 59.31 44.75 55.93 60.27 0.00

0.00 6.13 6.88 9.17 28.11 9.08 52.68
8.22 0.00 7.00 11.37 14.13 13.90 67.77
8.18 6.23 0.00 10.93 30.16 8.66 49.38
10.69 16.11 10.15 0.00 13.93 7.37 61.79
29.15 14.56 19.74 15.22 0.00 11.51 80.01
9.22 12.49 9.16 7.87 14.70 0.00 50.54
49.10 44.56 46.38 39.23 53.76 47.12 0.00

0.00 8.20 9.66 7.75 10.49 16.64 53.51
8.00 0.00 7.00 10.96 12.75 13.12 67.77
7.30 6.23 0.00 9.69 13.10 9.88 49.38
9.87 16.11 9.90 0.00 10.89 7.89 61.79
29.88 14.56 19.45 14.94 0.00 10.31 80.01
8.49 8.75 8.91 6.07 11.64 0.00 50.54
36.30 44.95 33.20 34.98 37.74 34.38 0.00

