100 12 7

0 1 4 291
1 1 3 310
2 3 5 388
3 5 4 499
4 1 6 207
5 2 6 154
6 4 6 464
7 5 3 273
8 5 6 546
9 6 2 403
10 5 3 188
11 5 3 234
12 3 4 144
13 0 1 557
14 6 2 583
15 2 3 338
16 6 4 124
17 4 3 471
18 4 2 392
19 0 6 328
20 5 2 143
21 1 6 411
22 6 1 307
23 0 6 541
24 0 4 507
25 0 1 507
26 6 5 487
27 4 3 230
28 6 5 582
29 3 0 102
30 1 3 564
31 4 0 396
32 0 6 246
33 0 3 74
34 2 6 563
35 6 2 574
36 4 6 598
37 3 1 181
38 0 4 9
39 3 6 306
40 6 5 506
41 4 2 596
42 5 6 225
43 0 1 328
44 2 0 381
45 3 1 296
46 2 0 501
47 1 3 144
48 4 2 102
49 1 5 451
50 2 0 383
51 0 2 216
52 0 4 480
53 1 6 278
54 2 4 221
55 2 0 157
56 1 3 497
57 6 3 472
58 5 4 579
59 5 0 590
60 6 2 84
61 3 2 117
62 6 0 258
63 0 4 175
64 0 5 357
65 3 5 515
66 0 3 194
67 6 4 238
68 0 4 73
69 5 3 374
70 2 6 320
71 2 3 202
72 3 4 528
73 0 4 331
74 4 3 352
75 4 0 513
76 4 2 482
77 0 1 545
78 2 3 372
79 4 6 411
80 4 6 347
81 1 3 360
82 0 3 34
83 1 0 153
84 4 3 597
85 4 5 516
86 1 5 583
87 5 1 138
88 1 4 131
89 0 2 397
90 4 1 269
91 2 4 297
92 5 0 165
93 2 6 215
94 4 3 83
95 0 4 384
96 0 1 81
97 5 4 304
98 6 0 546
99 6 2 546

0.00 72.69 72.86 73.24 78.67 68.28 73.09
62.98 0.00 6.42 11.67 10.77 14.20 9.74
50.64 5.07 0.00 10.42 6.71 14.72 8.44
29.79 12.10 10.79 0.00 8.98 12.17 6.80
56.22 7.57 7.42 7.99 0.00 10.95 7.63
52.07 14.06 15.90 11.24 10.45 0.00 11.13
54.49 11.10 9.88 7.49 9.01 14.65 0.00

0.00 63.72 60.45 61.06 63.69 54.02 61.08
31.65 0.00 8.73 12.54 7.15 14.08 9.57
37.91 6.05 0.00 10.14 7.25 14.05 8.40
29.40 13.41 11.30 0.00 9.84 11.77 7.29
41.27 7.78 7.57 8.65 0.00 10.47 7.99
41.53 14.27 15.90 11.15 10.54 0.00 10.20
40.52 11.69 8.63 7.94 8.74 10.12 0.00

0.00 55.09 50.68 47.08 52.85 52.73 49.85
31.56 0.00 5.31 10.64 8.98 12.99 9.38
27.36 6.70 0.00 9.06 7.61 15.77 8.08
26.93 13.58 11.31 0.00 9.73 11.88 7.63
32.06 8.46 8.76 8.97 0.00 12.36 8.05
31.02 12.14 15.90 11.71 9.43 0.00 11.28
29.07 10.01 8.98 8.38 8.66 8.22 0.00

0.00 51.08 42.38 39.73 46.25 49.97 42.25
32.74 0.00 6.23 12.06 8.40 13.53 11.35
30.53 6.49 0.00 10.19 8.17 21.88 8.59
35.19 12.81 12.03 0.00 9.81 11.70 7.83
33.20 10.17 7.27 8.90 0.00 10.98 7.76
37.52 14.56 15.50 12.92 10.37 0.00 11.52
30.96 10.14 9.03 7.25 7.92 10.28 0.00

0.00 40.58 37.90 35.82 41.11 45.80 38.44
38.16 0.00 8.39 12.91 9.03 15.02 12.55
34.94 9.45 0.00 10.65 8.85 14.49 8.91
43.46 12.47 12.29 0.00 9.31 14.27 7.13
37.93 8.60 7.14 9.41 0.00 11.26 8.21
42.49 17.55 13.85 14.54 12.06 0.00 12.13
33.90 10.72 8.43 6.85 7.41 11.21 0.00

0.00 40.78 38.18 38.19 40.92 45.80 38.87
45.41 0.00 9.80 12.43 9.18 15.81 9.77
43.93 9.51 0.00 9.99 9.89 13.13 7.80
48.48 13.18 10.54 0.00 9.06 14.32 7.81
48.45 7.52 6.96 8.62 0.00 11.87 7.84
52.44 13.55 14.66 13.19 10.99 0.00 13.36
42.60 10.00 9.28 7.18 8.02 12.64 0.00

0.00 45.23 42.55 41.28 44.35 50.02 42.06
54.03 0.00 8.16 12.74 9.42 13.68 10.38
54.19 6.09 0.00 10.36 6.92 12.31 9.04
51.61 13.18 10.71 0.00 9.91 12.26 10.10
56.86 6.90 7.62 8.28 0.00 11.60 8.26
64.59 16.89 15.60 13.44 11.11 0.00 13.47
54.80 10.35 8.49 7.06 8.61 12.34 0.00

0.00 49.03 48.86 43.69 51.68 56.01 48.25
64.59 0.00 6.51 14.78 8.08 14.69 11.50
58.59 6.09 0.00 11.74 6.34 12.59 10.00
60.29 14.93 12.83 0.00 10.08 11.37 11.88
61.94 7.62 8.56 8.76 0.00 15.27 8.89
72.80 18.66 16.52 13.53 13.02 0.00 13.47
60.01 11.99 8.94 7.03 8.29 10.49 0.00

0.00 54.63 53.94 49.45 55.78 58.00 52.55
64.08 0.00 6.72 17.29 7.94 16.21 11.71
64.44 6.09 0.00 12.08 7.15 13.47 10.52
56.84 17.63 14.98 0.00 10.51 11.07 9.91
64.42 10.86 9.44 9.91 0.00 12.86 9.95
78.76 20.40 18.76 14.56 17.44 0.00 14.91
58.12 15.11 11.55 7.79 8.87 11.59 0.00

0.00 52.27 50.35 48.63 52.16 54.73 51.07
57.34 0.00 6.12 15.99 7.98 14.07 12.97
53.52 6.09 0.00 12.20 7.05 14.65 9.18
54.20 15.44 13.09 0.00 11.96 12.70 8.60
56.31 8.53 8.00 8.60 0.00 9.92 9.14
56.34 21.24 23.04 14.56 14.52 0.00 12.70
49.94 14.33 10.36 7.73 8.67 11.67 0.00

0.00 39.54 38.22 32.90 40.07 43.80 37.80
56.22 0.00 5.92 12.80 8.60 13.53 8.48
36.49 6.09 0.00 11.37 9.17 12.61 7.88
54.20 11.85 12.74 0.00 10.21 10.30 7.55
39.28 5.67 6.21 7.13 0.00 12.40 7.85
33.93 21.24 15.06 10.31 13.57 0.00 17.31
48.44 11.46 8.25 6.14 7.52 11.27 0.00

0.00 25.98 28.79 21.98 31.73 35.87 28.19
56.22 0.00 5.92 12.53 8.37 13.53 8.00
35.07 6.09 0.00 8.32 7.84 11.77 9.49
54.20 10.75 11.67 0.00 10.01 8.87 7.45
37.76 7.85 6.91 7.48 0.00 10.07 6.88
32.22 21.24 16.94 9.90 13.57 0.00 17.82
48.44 11.21 7.66 5.35 7.87 10.15 0.00

