20 10 7

0 2 3 514
1 2 5 126
2 4 0 450
3 2 3 466
4 0 4 340
5 0 1 544
6 4 6 267
7 1 3 357
8 0 6 157
9 6 5 412
10 1 3 62
11 2 6 90
12 3 6 295
13 0 6 600
14 2 6 46
15 6 1 452
16 6 3 545
17 3 4 81
18 4 6 163
19 4 5 345

0.00 29.20 50.85 59.89 54.28 76.97 48.51
48.81 0.00 5.78 13.03 9.32 14.04 10.80
40.09 5.83 0.00 11.69 6.72 16.81 8.07
28.55 11.95 12.58 0.00 8.74 13.27 6.65
38.07 7.53 6.22 9.38 0.00 16.64 7.44
57.77 14.43 11.62 13.00 17.37 0.00 11.50
57.14 11.68 9.46 7.23 8.07 13.93 0.00

0.00 29.20 37.27 36.72 41.67 52.99 36.35
36.84 0.00 5.78 13.37 8.71 29.36 9.74
36.65 9.55 0.00 9.80 6.43 25.86 7.88
28.55 13.04 11.97 0.00 8.92 14.38 8.18
37.32 7.20 8.68 8.04 0.00 16.05 7.81
45.71 12.14 13.11 17.11 13.05 0.00 10.85
39.83 11.13 9.94 7.94 7.24 21.13 0.00

0.00 30.32 26.78 25.20 34.36 49.12 27.26
28.41 0.00 5.81 9.93 8.38 19.37 10.32
24.80 31.74 0.00 8.36 5.90 24.30 7.42
28.58 12.28 11.49 0.00 8.50 14.27 9.75
27.76 7.76 7.81 8.47 0.00 18.95 6.64
36.32 11.89 14.59 21.23 14.20 0.00 15.42
24.64 11.12 9.95 8.46 6.84 18.43 0.00

0.00 34.02 25.50 28.31 27.23 32.21 25.29
34.14 0.00 5.94 10.75 7.51 11.75 9.87
25.34 5.52 0.00 8.23 8.99 19.06 6.88
28.60 12.45 10.08 0.00 8.50 13.27 9.17
29.83 7.46 9.23 10.31 0.00 11.16 6.56
37.42 16.52 16.42 22.20 15.84 0.00 12.15
24.52 9.98 9.29 9.12 7.48 15.78 0.00

0.00 33.26 27.73 26.60 29.84 33.43 27.16
39.88 0.00 6.01 10.53 7.94 11.13 10.28
26.56 5.71 0.00 8.10 11.78 15.91 7.01
28.63 12.31 9.99 0.00 8.54 15.42 6.72
29.93 7.18 9.95 7.72 0.00 10.70 7.13
37.98 15.37 17.72 15.83 15.15 0.00 13.35
24.20 10.30 8.53 6.75 8.71 11.80 0.00

0.00 32.86 30.65 29.93 33.62 36.62 30.83
45.62 0.00 6.83 10.37 8.18 12.20 9.62
32.31 5.68 0.00 8.53 6.69 14.45 7.48
28.66 11.68 9.83 0.00 8.33 14.70 6.59
32.92 7.29 5.86 9.90 0.00 10.85 7.54
42.30 15.48 16.81 14.58 14.95 0.00 14.61
27.98 9.27 9.11 6.35 8.40 12.15 0.00

0.00 35.37 33.41 29.63 36.50 41.48 35.24
45.27 0.00 13.46 11.18 7.79 13.07 9.53
37.25 5.43 0.00 9.00 7.11 14.83 8.64
31.99 12.23 10.45 0.00 8.35 14.52 7.17
37.33 7.62 6.11 8.62 0.00 11.64 7.51
51.64 13.94 18.26 14.46 16.09 0.00 14.74
32.25 9.10 7.57 6.20 7.20 10.41 0.00

0.00 42.94 40.33 37.92 43.55 43.27 41.86
40.88 0.00 8.32 12.69 7.84 13.76 10.11
43.77 5.36 0.00 9.21 7.73 14.34 9.08
32.85 12.60 11.64 0.00 8.54 14.25 7.11
41.49 8.12 11.15 8.12 0.00 10.72 7.26
58.51 14.71 18.37 13.24 13.29 0.00 13.25
38.71 9.42 8.71 6.51 7.73 13.13 0.00

0.00 46.88 44.89 37.06 45.58 52.21 45.28
40.00 0.00 10.09 13.74 7.66 14.61 12.92
45.42 5.36 0.00 10.35 7.34 12.95 9.56
31.70 12.71 12.01 0.00 10.73 10.32 8.00
50.64 8.96 9.65 8.45 0.00 11.73 7.41
61.04 15.06 16.95 14.87 11.90 0.00 15.92
36.81 8.47 8.86 6.37 7.82 12.55 0.00

0.00 44.81 39.01 41.79 39.20 42.63 36.72
40.00 0.00 6.12 13.23 9.23 15.50 12.05
45.42 5.36 0.00 7.80 8.21 11.18 9.33
30.55 12.91 11.72 0.00 9.91 11.36 6.98
42.83 7.61 7.11 7.88 0.00 10.46 7.04
42.41 15.06 17.63 19.48 15.99 0.00 14.78
32.44 9.77 7.59 7.32 8.04 11.47 0.00

