50 12 7

0 1 6 414
1 0 5 92
2 6 0 140
3 6 5 349
4 3 4 514
5 1 6 484
6 0 6 222
7 6 3 335
8 2 3 450
9 1 4 336
10 1 4 479
11 6 5 66
12 0 3 61
13 0 6 97
14 1 5 341
15 4 2 314
16 5 2 585
17 4 2 358
18 0 1 378
19 2 4 74
20 4 5 132
21 2 4 289
22 0 4 481
23 4 1 321
24 3 0 187
25 4 6 463
26 2 0 170
27 3 1 151
28 6 1 579
29 4 5 100
30 0 1 439
31 6 1 318
32 0 2 183
33 0 3 444
34 0 6 438
35 4 2 205
36 5 6 503
37 2 4 61
38 5 2 112
39 4 5 309
40 0 5 440
41 1 3 325
42 1 4 316
43 3 4 254
44 2 4 131
45 1 6 176
46 3 2 365
47 1 6 159
48 3 0 204
49 4 6 593

0.00 69.78 46.37 53.78 58.89 70.52 63.18
35.56 0.00 7.24 13.70 8.00 12.15 11.97
43.82 5.82 0.00 12.36 6.85 13.33 8.01
22.55 12.55 12.05 0.00 8.80 9.39 7.17
45.02 6.66 8.93 8.09 0.00 14.94 7.86
65.72 13.48 15.65 12.18 12.22 0.00 11.70
50.35 9.70 8.57 7.59 8.26 11.43 0.00

0.00 42.42 39.89 36.93 43.96 56.98 41.45
35.56 0.00 7.24 13.54 7.73 19.54 10.69
31.49 5.33 0.00 11.60 8.04 19.52 8.08
22.45 13.66 11.75 0.00 8.97 11.65 7.36
34.95 7.40 6.09 8.26 0.00 16.62 7.45
53.40 13.61 15.59 10.86 9.00 0.00 9.48
33.12 10.41 8.90 7.25 8.19 12.34 0.00

0.00 30.59 31.23 31.94 32.76 39.32 29.96
35.12 0.00 7.03 11.79 7.68 14.11 9.31
28.62 6.55 0.00 8.80 6.16 19.58 8.59
21.78 12.23 11.31 0.00 8.05 13.52 8.23
31.69 6.87 8.37 8.02 0.00 12.26 7.63
42.31 14.35 15.24 12.22 11.45 0.00 10.30
26.45 9.72 10.40 6.02 7.34 16.90 0.00

0.00 29.61 27.86 25.53 28.77 30.13 26.72
32.99 0.00 6.35 11.21 7.49 14.94 9.86
33.24 8.32 0.00 8.79 7.62 16.12 8.19
23.44 12.32 9.66 0.00 8.26 12.81 7.59
35.37 7.41 9.56 8.57 0.00 11.05 7.17
38.96 12.97 16.19 13.58 12.37 0.00 12.09
26.36 10.34 8.24 6.07 7.68 11.88 0.00

0.00 31.28 27.27 27.32 30.78 32.79 29.07
36.30 0.00 6.63 11.66 8.42 12.26 9.90
34.20 10.09 0.00 9.24 7.69 16.64 7.55
25.17 11.54 9.68 0.00 9.06 10.59 7.77
31.85 7.63 6.01 9.00 0.00 8.70 7.72
48.45 12.52 15.26 14.07 12.66 0.00 10.28
27.96 9.65 7.30 8.38 7.31 10.96 0.00

0.00 37.33 31.00 31.78 34.45 42.10 31.74
47.30 0.00 5.96 11.20 7.51 13.32 9.76
34.96 11.86 0.00 9.78 6.55 13.67 7.63
27.05 11.24 10.40 0.00 8.54 9.85 8.33
38.28 6.94 6.40 10.11 0.00 10.82 7.17
54.71 13.98 16.09 15.05 11.14 0.00 10.51
31.94 8.76 7.73 9.37 7.30 11.82 0.00

0.00 38.61 35.84 35.09 39.52 46.81 35.55
55.75 0.00 6.45 11.41 8.28 13.08 9.83
40.53 9.13 0.00 9.27 7.65 13.94 7.56
37.43 11.58 9.61 0.00 8.05 9.77 8.72
43.60 7.08 9.04 8.20 0.00 11.90 7.99
65.40 15.41 17.01 15.29 10.57 0.00 16.53
38.81 9.74 7.80 6.98 7.05 13.31 0.00

0.00 42.87 41.56 39.57 44.96 51.94 42.58
57.01 0.00 7.15 13.07 10.69 15.12 11.07
46.21 8.68 0.00 9.36 8.00 14.03 8.61
53.56 12.70 11.54 0.00 8.68 10.39 7.79
46.47 7.44 7.93 7.51 0.00 12.45 7.87
61.86 17.07 16.94 13.08 14.23 0.00 16.03
44.18 9.36 8.52 6.60 7.27 11.14 0.00

0.00 51.09 49.63 45.07 50.91 55.12 49.49
56.33 0.00 8.03 15.84 8.66 15.92 11.56
47.69 10.15 0.00 12.40 7.17 13.93 10.26
42.32 15.22 11.70 0.00 12.17 11.49 9.45
51.63 9.42 7.97 8.22 0.00 11.90 8.53
68.44 16.33 20.40 12.67 14.43 0.00 15.25
46.47 10.36 9.75 7.72 8.81 11.52 0.00

0.00 42.41 45.73 41.97 49.37 49.64 44.97
56.33 0.00 6.30 13.64 9.44 15.06 12.00
47.69 10.15 0.00 11.01 6.76 11.40 10.13
36.33 13.87 10.90 0.00 12.47 12.22 8.23
42.74 9.64 7.07 9.82 0.00 9.72 8.44
68.43 14.28 15.16 12.67 11.50 0.00 15.99
42.69 10.47 8.73 6.74 9.81 10.99 0.00

0.00 37.31 38.19 35.53 36.84 35.75 34.01
56.33 0.00 6.14 10.62 15.36 15.28 9.87
47.69 10.15 0.00 9.04 7.05 10.72 8.93
36.33 13.41 10.79 0.00 8.34 12.33 6.62
40.48 7.97 6.66 7.63 0.00 10.78 6.59
67.50 12.23 13.74 12.67 11.01 0.00 15.99
41.81 9.27 8.29 6.85 7.67 10.00 0.00

0.00 37.04 28.76 25.66 30.73 32.58 28.36
56.33 0.00 6.17 10.38 15.90 13.37 9.64
47.69 10.15 0.00 8.90 7.57 10.71 7.76
36.33 13.41 11.33 0.00 7.95 9.85 6.50
40.48 5.79 6.65 7.07 0.00 11.08 6.42
67.50 13.57 13.74 12.67 11.01 0.00 15.99
41.81 9.17 7.98 6.89 6.75 10.31 0.00

